Jun 12 2020 at 11:24:28
Frequency: 1.00Hz.
CO2
Zero:  Value:0.91  Date:May 19 2009 at 7:53:33 AM
Span:  Value:1.00  Date:May 19 2009 at 8:00:06 AM
H2O
Zero:  Value:0.77  Date:May 19 2009 at 7:54:01 AM
Span:  Value:1.01  Date:28 Jun 2004	 at 08:29:05	
	Relative Time	Temperature	Pressure	Aux Input	CO2 Absorptance	CO2 mmol/m3	CO2 mg/m3	CO2 umol/mol	H2O Absorptance	H2O mmol/m3	H2O g/m3	H2O mmol/mol	H2O(°C)	Cooler Voltage
	0.33	-65.26	76.56	0.00	0.0695	12.59	553.9	284.21	0.0258	163.4	2.941	3.69	-10.23	1.81
	1.33	-66.20	76.56	0.00	0.0696	12.60	554.4	283.16	0.0258	161.9	2.913	3.64	-10.41	1.81
	2.33	-65.72	76.58	0.00	0.0696	12.60	554.3	283.66	0.0261	163.6	2.945	3.68	-10.24	1.80
	3.33	-65.72	76.58	0.00	0.0696	12.59	554.0	283.54	0.0261	163.8	2.949	3.69	-10.23	1.81
	4.33	-65.72	76.56	0.00	0.0696	12.59	554.0	283.63	0.0262	164.6	2.963	3.71	-10.17	1.81
	5.33	-65.72	76.56	0.00	0.0695	12.59	554.1	283.67	0.0265	166.2	2.991	3.74	-10.05	1.81
	6.33	-65.72	76.58	0.00	0.0696	12.59	554.0	283.53	0.0263	164.9	2.968	3.71	-10.15	1.81
	7.33	-65.72	76.58	0.00	0.0696	12.61	555.0	284.04	0.0263	158.8	2.859	3.58	-10.62	1.81
	8.33	-65.72	76.53	0.00	0.0695	12.59	554.1	283.81	0.0267	166.6	2.998	3.75	-10.02	1.81
	9.33	-65.72	76.58	0.00	0.0695	12.59	553.8	283.46	0.0268	169.3	3.047	3.81	-9.81	1.81
	10.33	-65.72	76.58	0.00	0.0696	12.59	554.0	283.54	0.0269	168.2	3.027	3.79	-9.89	1.81
	11.33	-65.26	76.56	0.00	0.0695	12.59	554.2	284.35	0.0269	168.1	3.026	3.80	-9.87	1.81
	12.33	-65.26	76.56	0.00	0.0695	12.59	553.9	284.20	0.0270	169.9	3.059	3.84	-9.74	1.81
	13.33	-65.27	76.56	0.00	0.0696	12.59	553.9	284.21	0.0270	170.5	3.069	3.85	-9.69	1.81
	14.33	-65.26	76.58	0.00	0.0695	12.59	554.0	284.15	0.0271	171.4	3.086	3.87	-9.62	1.81
	15.33	-65.72	76.58	0.00	0.0695	12.59	553.9	283.47	0.0272	171.8	3.093	3.87	-9.62	1.81
	16.33	-65.72	76.58	0.00	0.0695	12.59	553.8	283.43	0.0274	173.1	3.115	3.90	-9.53	1.81
	17.33	-65.72	76.56	0.00	0.0695	12.58	553.7	283.47	0.0274	172.7	3.109	3.89	-9.56	1.81
	18.41	-66.19	76.58	0.00	0.0695	12.58	553.7	282.75	0.0278	174.6	3.143	3.92	-9.45	1.81
	19.33	-65.73	76.56	0.00	0.0695	12.58	553.6	283.44	0.0277	176.1	3.171	3.97	-9.31	1.81
	20.33	-65.72	76.56	0.00	0.0695	12.59	553.8	283.53	0.0278	176.4	3.176	3.97	-9.29	1.81
	21.33	-65.72	76.50	0.00	0.0696	12.59	554.1	283.89	0.0280	178.2	3.207	4.02	-9.16	1.81
	22.31	-65.72	76.56	0.00	0.0696	12.60	554.4	283.82	0.0280	177.3	3.192	4.00	-9.22	1.81
	23.33	-65.26	76.56	0.00	0.0695	12.59	553.8	284.15	0.0284	179.5	3.231	4.05	-9.04	1.81
	24.41	-65.26	76.56	0.00	0.0695	12.59	553.9	284.23	0.0282	179.8	3.237	4.06	-9.01	1.81
	25.33	-65.72	76.56	0.00	0.0695	12.59	554.0	283.64	0.0283	179.6	3.232	4.04	-9.06	1.81
	26.41	-65.72	76.50	0.00	0.0695	12.59	554.1	283.87	0.0284	181.2	3.262	4.09	-8.94	1.81
	27.33	-65.27	76.58	0.00	0.0696	12.58	553.7	284.01	0.0285	181.5	3.268	4.10	-8.89	1.81
	28.33	-65.26	76.58	0.00	0.0695	12.59	553.9	284.10	0.0285	181.8	3.273	4.10	-8.87	1.81
	29.33	-65.26	76.56	0.00	0.0696	12.59	554.0	284.26	0.0285	182.8	3.291	4.13	-8.80	1.81
	30.33	-65.72	76.58	0.00	0.0695	12.59	554.1	283.60	0.0287	183.2	3.297	4.12	-8.81	1.81
	31.33	-66.69	76.56	0.00	0.0696	12.59	554.1	282.38	0.0288	183.8	3.309	4.12	-8.82	1.81
	32.33	-65.72	76.56	0.00	0.0696	12.60	554.2	283.74	0.0288	184.2	3.316	4.15	-8.73	1.81
	33.33	-65.26	76.56	0.00	0.0696	12.59	554.1	284.33	0.0290	185.0	3.331	4.18	-8.65	1.81
	34.33	-65.72	76.58	0.00	0.0696	12.60	554.5	283.78	0.0290	185.6	3.341	4.18	-8.64	1.81
	35.33	-65.72	76.58	0.00	0.0696	12.60	554.2	283.65	0.0291	186.9	3.364	4.21	-8.55	1.81
	36.33	-65.72	76.56	0.00	0.0696	12.59	554.1	283.71	0.0293	188.1	3.386	4.24	-8.47	1.81
	37.33	-65.26	76.56	0.00	0.0696	12.61	554.6	284.58	0.0293	188.5	3.393	4.26	-8.41	1.81
	38.33	-65.26	76.58	0.00	0.0696	12.60	554.3	284.33	0.0295	189.1	3.404	4.27	-8.37	1.81
	39.33	-65.26	76.56	0.00	0.0696	12.60	554.4	284.49	0.0295	189.7	3.414	4.28	-8.33	1.81
	40.33	-65.72	76.56	0.00	0.0696	12.60	554.5	283.90	0.0297	190.3	3.426	4.29	-8.32	1.81
	41.33	-65.72	76.56	0.00	0.0696	12.60	554.6	283.92	0.0298	191.9	3.454	4.32	-8.21	1.81
	42.33	-65.72	76.61	0.00	0.0696	12.59	554.1	283.51	0.0298	191.5	3.447	4.31	-8.24	1.81
	43.33	-65.72	76.56	0.00	0.0696	12.60	554.4	283.83	0.0301	193.2	3.477	4.35	-8.13	1.81
	44.33	-65.72	76.56	0.00	0.0696	12.60	554.6	283.93	0.0302	194.5	3.501	4.38	-8.04	1.81
	45.33	-65.72	76.58	0.00	0.0696	12.61	554.7	283.89	0.0303	194.7	3.505	4.39	-8.02	1.81
	46.33	-65.72	76.58	0.00	0.0697	12.61	555.0	284.04	0.0304	196.6	3.538	4.43	-7.90	1.81
	47.41	-65.26	76.58	0.00	0.0696	12.62	555.1	284.71	0.0306	198.5	3.573	4.48	-7.75	1.81
	48.33	-65.72	76.56	0.00	0.0696	12.61	554.7	283.99	0.0307	198.4	3.571	4.47	-7.78	1.81
	49.33	-65.72	76.58	0.00	0.0697	12.61	554.9	283.98	0.0308	199.8	3.596	4.50	-7.69	1.81
	50.33	-65.72	76.56	0.00	0.0697	12.62	555.4	284.35	0.0310	200.9	3.616	4.53	-7.62	1.81
	51.33	-65.72	76.53	0.00	0.0697	12.61	555.0	284.24	0.0311	200.6	3.612	4.52	-7.64	1.81
	52.33	-65.72	76.56	0.00	0.0696	12.61	555.0	284.12	0.0312	204.9	3.688	4.62	-7.37	1.82
	53.41	-65.26	76.56	0.00	0.0696	12.62	555.2	284.88	0.0313	203.9	3.670	4.60	-7.40	1.81
	54.33	-65.72	76.56	0.00	0.0697	12.62	555.4	284.33	0.0314	203.4	3.662	4.58	-7.46	1.81
	55.41	-65.72	76.56	0.00	0.0697	12.61	555.0	284.15	0.0314	204.1	3.674	4.60	-7.42	1.81
	56.33	-65.72	76.61	0.00	0.0697	12.62	555.4	284.17	0.0314	205.1	3.692	4.62	-7.35	1.81
	57.41	-65.72	76.58	0.00	0.0696	12.62	555.4	284.25	0.0315	205.0	3.690	4.62	-7.36	1.82
	58.33	-65.72	76.56	0.00	0.0697	12.63	555.7	284.49	0.0316	205.3	3.695	4.62	-7.34	1.82
	59.34	-65.72	76.53	0.00	0.0697	12.63	555.8	284.67	0.0318	208.1	3.746	4.69	-7.17	1.81
	60.33	-65.72	76.53	0.00	0.0697	12.63	555.7	284.61	0.0319	208.0	3.745	4.69	-7.17	1.81
	61.34	-65.25	76.58	0.00	0.0697	12.64	556.1	285.23	0.0319	208.8	3.758	4.71	-7.09	1.81
	62.33	-65.72	76.58	0.00	0.0697	12.63	555.7	284.42	0.0321	210.2	3.784	4.73	-7.03	1.81
	63.33	-65.71	76.53	0.00	0.0697	12.63	555.7	284.63	0.0321	209.6	3.773	4.72	-7.07	1.82
	64.33	-65.26	76.56	0.00	0.0698	12.63	555.7	285.15	0.0320	209.7	3.775	4.73	-7.04	1.82
	65.33	-65.27	76.50	0.00	0.0698	12.65	556.7	285.81	0.0322	211.5	3.807	4.78	-6.93	1.81
	66.33	-65.26	76.56	0.00	0.0697	12.63	555.6	285.07	0.0322	210.5	3.788	4.75	-6.99	1.82
	67.33	-65.72	76.56	0.00	0.0698	12.64	556.4	284.84	0.0328	214.5	3.862	4.83	-6.77	1.82
	68.33	-66.20	76.56	0.00	0.0697	12.64	556.2	284.13	0.0325	213.6	3.846	4.80	-6.85	1.82
	69.33	-65.72	76.56	0.00	0.0697	12.65	556.4	284.88	0.0325	213.7	3.847	4.81	-6.82	1.82
	70.33	-65.26	76.50	0.00	0.0697	12.64	556.0	285.47	0.0327	213.6	3.845	4.83	-6.80	1.82
	71.33	-65.72	76.58	0.00	0.0698	12.64	556.3	284.70	0.0327	215.2	3.873	4.85	-6.73	1.82
	72.33	-65.72	76.50	0.00	0.0698	12.65	556.4	285.07	0.0328	215.5	3.880	4.86	-6.71	1.82
	73.33	-65.72	76.56	0.00	0.0697	12.64	556.1	284.69	0.0327	215.1	3.872	4.85	-6.74	1.82
	74.33	-65.72	76.58	0.00	0.0698	12.64	556.4	284.75	0.0327	214.5	3.860	4.83	-6.77	1.82
	75.33	-65.72	76.53	0.00	0.0697	12.64	556.0	284.75	0.0327	214.8	3.867	4.84	-6.75	1.82
	76.33	-65.72	76.58	0.00	0.0698	12.65	556.8	284.95	0.0327	215.4	3.877	4.85	-6.72	1.82
	77.33	-65.72	76.50	0.00	0.0699	12.65	556.8	285.25	0.0329	216.8	3.902	4.89	-6.64	1.82
	78.33	-65.26	76.53	0.00	0.0698	12.65	556.7	285.75	0.0328	216.4	3.896	4.89	-6.63	1.82
	79.33	-65.26	76.56	0.00	0.0698	12.65	556.7	285.63	0.0326	214.3	3.857	4.84	-6.76	1.82
	80.33	-65.26	76.56	0.00	0.0699	12.65	556.5	285.54	0.0329	215.9	3.887	4.87	-6.66	1.82
	81.33	-65.72	76.56	0.00	0.0698	12.66	557.1	285.19	0.0329	216.5	3.897	4.88	-6.65	1.82
	82.33	-64.82	76.58	0.00	0.0698	12.66	557.2	286.40	0.0329	216.3	3.893	4.89	-6.61	1.82
	83.33	-65.72	76.56	0.00	0.0699	12.65	556.8	285.06	0.0331	216.3	3.893	4.87	-6.67	1.82
	84.41	-65.72	76.58	0.00	0.0699	12.65	556.7	284.91	0.0331	216.7	3.900	4.88	-6.64	1.82
	85.33	-66.19	76.56	0.00	0.0698	12.66	556.9	284.45	0.0331	217.1	3.907	4.88	-6.65	1.82
	86.41	-65.72	76.56	0.00	0.0699	12.65	556.8	285.04	0.0330	216.1	3.889	4.87	-6.68	1.82
	87.33	-65.72	76.56	0.00	0.0699	12.67	557.4	285.37	0.0329	217.1	3.908	4.89	-6.62	1.82
	88.34	-65.72	76.56	0.00	0.0699	12.66	557.0	285.19	0.0329	216.3	3.893	4.87	-6.67	1.82
	89.33	-65.26	76.56	0.00	0.0699	12.67	557.5	286.04	0.0330	217.6	3.917	4.91	-6.56	1.82
	90.34	-65.72	76.56	0.00	0.0699	12.67	557.5	285.43	0.0331	217.5	3.916	4.90	-6.59	1.82
	91.33	-65.72	76.56	0.00	0.0700	12.68	557.8	285.57	0.0331	216.7	3.900	4.88	-6.64	1.82
	92.34	-65.26	76.56	0.00	0.0699	12.66	557.0	285.81	0.0329	216.3	3.893	4.88	-6.64	1.82
	93.33	-66.19	76.56	0.00	0.0699	12.67	557.4	284.72	0.0329	216.6	3.899	4.87	-6.68	1.82
	94.34	-65.72	76.56	0.00	0.0700	12.67	557.7	285.50	0.0330	216.6	3.899	4.88	-6.65	1.82
	95.33	-65.72	76.56	0.00	0.0699	12.67	557.7	285.51	0.0328	216.1	3.889	4.87	-6.68	1.82
	96.33	-65.72	76.56	0.00	0.0699	12.67	557.6	285.47	0.0329	215.8	3.884	4.86	-6.70	1.82
	97.33	-65.72	76.56	0.00	0.0699	12.67	557.5	285.45	0.0329	214.8	3.866	4.84	-6.76	1.82
	98.33	-65.72	76.58	0.00	0.0700	12.68	557.8	285.46	0.0328	215.6	3.882	4.86	-6.70	1.82
	99.33	-65.72	76.56	0.00	0.0700	12.67	557.7	285.51	0.0329	215.7	3.883	4.86	-6.70	1.82
	100.33	-65.72	76.53	0.00	0.0699	12.68	557.9	285.73	0.0328	215.6	3.881	4.86	-6.70	1.82
	101.33	-65.26	76.56	0.00	0.0700	12.69	558.2	286.41	0.0328	215.3	3.875	4.86	-6.70	1.82
