Jun 17 2020 at 21:04:22
Frequency: 1.00Hz.
CO2
Zero:  Value:0.91  Date:May 19 2009 at 7:53:33 AM
Span:  Value:1.00  Date:May 19 2009 at 8:00:06 AM
H2O
Zero:  Value:0.77  Date:May 19 2009 at 7:54:01 AM
Span:  Value:1.01  Date:28 Jun 2004	 at 08:29:05	
	Relative Time	Temperature	Pressure	Aux Input	CO2 Absorptance	CO2 mmol/m3	CO2 mg/m3	CO2 umol/mol	H2O Absorptance	H2O mmol/m3	H2O g/m3	H2O mmol/mol	H2O(°C)	Cooler Voltage
	0.31	-66.20	75.72	0.00	0.0737	13.58	597.4	308.50	0.0177	105.0	1.890	2.39	-15.74	1.42
	1.38	-65.72	75.72	0.00	0.0737	13.61	598.6	309.85	0.0177	104.4	1.879	2.38	-15.78	1.42
	2.31	-65.72	75.72	0.00	0.0736	13.59	597.8	309.43	0.0177	105.0	1.891	2.39	-15.70	1.42
	3.31	-65.72	75.75	0.00	0.0736	13.60	598.5	309.67	0.0177	104.7	1.885	2.38	-15.74	1.42
	4.31	-65.72	75.75	0.00	0.0736	13.59	598.0	309.45	0.0177	104.8	1.886	2.39	-15.73	1.42
	5.31	-65.72	75.78	0.00	0.0737	13.59	597.8	309.20	0.0176	104.9	1.888	2.39	-15.72	1.42
	6.31	-65.72	75.75	0.00	0.0737	13.60	598.2	309.53	0.0177	104.7	1.885	2.38	-15.74	1.42
	7.31	-65.72	75.75	0.00	0.0736	13.60	598.4	309.64	0.0177	104.8	1.886	2.39	-15.73	1.42
	8.30	-65.26	75.78	0.00	0.0737	13.60	598.2	310.11	0.0177	105.0	1.890	2.40	-15.68	1.42
	9.31	-65.72	75.75	0.00	0.0736	13.60	598.5	309.68	0.0178	105.1	1.893	2.39	-15.69	1.42
	10.30	-65.72	75.75	0.00	0.0736	13.60	598.4	309.63	0.0178	105.2	1.894	2.40	-15.69	1.42
	11.31	-65.72	75.75	0.00	0.0735	13.59	597.8	309.30	0.0178	105.6	1.900	2.40	-15.64	1.42
	12.30	-65.26	75.75	0.00	0.0736	13.59	598.2	310.19	0.0178	105.4	1.897	2.40	-15.64	1.42
	13.31	-65.72	75.75	0.00	0.0736	13.59	598.0	309.40	0.0178	105.5	1.899	2.40	-15.65	1.42
	14.30	-65.72	75.72	0.00	0.0737	13.59	598.0	309.54	0.0178	105.7	1.902	2.41	-15.63	1.42
	15.31	-65.72	75.75	0.00	0.0737	13.59	598.1	309.47	0.0178	105.8	1.905	2.41	-15.62	1.42
	16.30	-65.72	75.72	0.00	0.0736	13.59	598.0	309.54	0.0179	105.9	1.906	2.41	-15.61	1.42
	17.31	-65.72	75.75	0.00	0.0736	13.58	597.6	309.21	0.0179	105.9	1.906	2.41	-15.61	1.42
	18.38	-65.72	75.72	0.00	0.0735	13.59	597.9	309.47	0.0179	106.0	1.908	2.41	-15.60	1.42
	19.31	-65.72	75.72	0.00	0.0735	13.58	597.7	309.36	0.0179	106.1	1.910	2.42	-15.58	1.42
	20.31	-65.72	75.75	0.00	0.0735	13.58	597.4	309.10	0.0178	106.4	1.915	2.42	-15.55	1.42
	21.31	-65.72	75.72	0.00	0.0736	13.58	597.6	309.32	0.0180	106.3	1.914	2.42	-15.56	1.42
	22.31	-65.72	75.75	0.00	0.0736	13.57	597.3	309.04	0.0180	106.5	1.916	2.42	-15.54	1.42
	23.31	-65.72	75.75	0.00	0.0735	13.58	597.5	309.19	0.0181	106.5	1.917	2.43	-15.53	1.42
	24.31	-65.72	75.72	0.00	0.0735	13.57	596.9	308.96	0.0180	106.6	1.919	2.43	-15.53	1.42
	25.31	-65.72	75.75	0.00	0.0735	13.57	597.1	308.95	0.0180	106.8	1.922	2.43	-15.50	1.42
	26.31	-65.26	75.72	0.00	0.0736	13.58	597.4	309.92	0.0180	106.9	1.925	2.44	-15.46	1.42
	27.30	-65.72	75.75	0.00	0.0735	13.58	597.5	309.16	0.0181	107.0	1.925	2.44	-15.48	1.42
	28.31	-65.72	75.75	0.00	0.0735	13.55	596.3	308.56	0.0181	107.2	1.930	2.44	-15.45	1.42
	29.30	-66.69	75.75	0.00	0.0735	13.56	596.6	307.23	0.0181	107.0	1.926	2.42	-15.54	1.42
	30.31	-65.72	75.78	0.00	0.0735	13.57	597.2	308.91	0.0180	107.1	1.928	2.44	-15.47	1.42
	31.30	-65.72	75.72	0.00	0.0735	13.57	596.9	308.97	0.0181	107.3	1.931	2.44	-15.45	1.42
	32.31	-65.72	75.75	0.00	0.0735	13.57	597.1	308.95	0.0181	107.5	1.934	2.45	-15.43	1.42
	33.30	-65.73	75.72	0.00	0.0735	13.57	597.0	308.98	0.0182	107.5	1.935	2.45	-15.43	1.42
	34.31	-65.26	75.78	0.00	0.0735	13.57	597.2	309.57	0.0181	107.4	1.933	2.45	-15.41	1.42
	35.30	-65.72	75.75	0.00	0.0735	13.58	597.5	309.18	0.0181	107.4	1.934	2.45	-15.43	1.42
	36.31	-65.72	75.75	0.00	0.0734	13.56	596.7	308.74	0.0180	107.7	1.939	2.45	-15.40	1.42
	37.31	-65.72	75.75	0.00	0.0736	13.56	596.8	308.78	0.0182	107.7	1.939	2.45	-15.40	1.42
	38.31	-65.26	75.75	0.00	0.0735	13.57	597.2	309.69	0.0182	108.0	1.945	2.47	-15.34	1.42
	39.31	-65.72	75.72	0.00	0.0735	13.57	597.1	309.06	0.0182	107.9	1.942	2.46	-15.38	1.42
	40.31	-65.72	75.72	0.00	0.0735	13.57	597.0	309.00	0.0182	107.8	1.941	2.46	-15.39	1.42
	41.31	-65.72	75.72	0.00	0.0735	13.56	596.7	308.87	0.0182	107.8	1.941	2.46	-15.39	1.42
	42.31	-65.72	75.75	0.00	0.0735	13.57	597.1	308.97	0.0181	108.1	1.945	2.46	-15.36	1.42
	43.31	-65.72	75.75	0.00	0.0734	13.56	596.7	308.74	0.0182	108.2	1.948	2.46	-15.34	1.42
	44.31	-65.72	75.75	0.00	0.0735	13.57	597.3	309.04	0.0183	108.4	1.950	2.47	-15.33	1.42
	45.31	-65.72	75.70	0.00	0.0735	13.56	596.8	309.01	0.0183	108.5	1.953	2.47	-15.31	1.42
	46.31	-65.72	75.75	0.00	0.0735	13.57	596.9	308.86	0.0182	108.4	1.951	2.47	-15.33	1.42
	47.31	-65.72	75.75	0.00	0.0734	13.57	597.1	308.97	0.0182	108.5	1.953	2.47	-15.32	1.42
	48.30	-65.72	75.75	0.00	0.0734	13.55	596.3	308.57	0.0183	109.0	1.961	2.48	-15.26	1.42
	49.31	-65.71	75.72	0.00	0.0735	13.56	596.8	308.90	0.0182	108.9	1.960	2.48	-15.27	1.42
	50.30	-65.72	75.75	0.00	0.0735	13.57	597.0	308.90	0.0183	108.7	1.957	2.48	-15.29	1.42
	51.31	-65.26	75.72	0.00	0.0735	13.57	596.9	309.63	0.0183	108.8	1.958	2.48	-15.26	1.42
	52.30	-65.73	75.75	0.00	0.0735	13.56	596.8	308.80	0.0183	108.7	1.957	2.47	-15.29	1.42
	53.31	-65.72	75.78	0.00	0.0735	13.57	596.9	308.77	0.0182	108.7	1.957	2.47	-15.29	1.42
	54.31	-65.72	75.75	0.00	0.0735	13.57	597.2	309.00	0.0184	109.1	1.963	2.48	-15.25	1.42
	55.31	-65.72	75.75	0.00	0.0735	13.56	596.9	308.83	0.0184	109.3	1.967	2.49	-15.22	1.42
	56.31	-65.26	75.75	0.00	0.0735	13.58	597.4	309.82	0.0184	109.4	1.969	2.50	-15.19	1.42
	57.31	-65.72	75.75	0.00	0.0735	13.58	597.4	309.12	0.0184	109.2	1.966	2.49	-15.23	1.42
	58.31	-65.72	75.72	0.00	0.0735	13.58	597.4	309.23	0.0184	109.3	1.968	2.49	-15.22	1.42
	59.31	-65.72	75.75	0.00	0.0735	13.58	597.3	309.06	0.0184	109.4	1.969	2.49	-15.22	1.42
	60.31	-65.72	75.75	0.00	0.0736	13.58	597.3	309.07	0.0184	109.6	1.973	2.50	-15.19	1.42
	61.31	-65.72	75.75	0.00	0.0736	13.58	597.5	309.16	0.0185	109.8	1.977	2.50	-15.17	1.42
	62.31	-65.72	75.75	0.00	0.0735	13.57	597.0	308.88	0.0185	109.6	1.973	2.50	-15.19	1.42
	63.31	-65.71	75.75	0.00	0.0736	13.57	597.2	309.00	0.0185	109.6	1.973	2.50	-15.19	1.42
	64.31	-65.72	75.75	0.00	0.0735	13.58	597.5	309.18	0.0185	109.8	1.977	2.50	-15.17	1.42
	65.31	-65.72	75.75	0.00	0.0735	13.58	597.6	309.22	0.0185	110.0	1.980	2.50	-15.15	1.42
	66.31	-65.72	75.72	0.00	0.0736	13.57	597.2	309.12	0.0185	110.0	1.979	2.50	-15.15	1.42
	67.30	-65.72	75.75	0.00	0.0736	13.58	597.6	309.21	0.0186	110.2	1.984	2.51	-15.12	1.42
	68.31	-65.73	75.75	0.00	0.0735	13.57	597.2	308.99	0.0186	110.3	1.985	2.51	-15.12	1.42
	69.30	-65.72	75.75	0.00	0.0735	13.57	597.2	308.99	0.0185	110.1	1.982	2.51	-15.14	1.42
	70.31	-65.72	75.72	0.00	0.0736	13.58	597.6	309.31	0.0184	110.2	1.983	2.51	-15.13	1.42
	71.31	-65.72	75.72	0.00	0.0735	13.58	597.7	309.35	0.0184	110.2	1.984	2.51	-15.12	1.42
	72.31	-65.72	75.70	0.00	0.0735	13.58	597.4	309.33	0.0186	110.3	1.986	2.51	-15.11	1.42
	73.31	-65.72	75.70	0.00	0.0735	13.57	597.0	309.10	0.0186	110.2	1.984	2.51	-15.12	1.42
	74.31	-65.72	75.78	0.00	0.0735	13.58	597.6	309.09	0.0185	110.3	1.986	2.51	-15.11	1.42
	75.31	-65.72	75.75	0.00	0.0735	13.58	597.3	309.07	0.0185	110.3	1.985	2.51	-15.12	1.42
	76.31	-65.72	75.75	0.00	0.0736	13.57	597.2	309.03	0.0185	110.3	1.985	2.51	-15.12	1.42
	77.31	-65.72	75.75	0.00	0.0735	13.58	597.6	309.20	0.0185	110.6	1.991	2.52	-15.08	1.42
	78.31	-65.71	75.70	0.00	0.0736	13.58	597.5	309.38	0.0186	110.6	1.990	2.52	-15.08	1.42
	79.31	-65.72	75.75	0.00	0.0735	13.58	597.7	309.25	0.0186	110.6	1.991	2.52	-15.08	1.42
	80.31	-65.72	75.75	0.00	0.0734	13.58	597.6	309.24	0.0186	110.5	1.988	2.51	-15.10	1.42
	81.31	-65.72	75.75	0.00	0.0735	13.57	597.1	308.96	0.0185	110.4	1.987	2.51	-15.11	1.42
	82.31	-65.72	75.75	0.00	0.0735	13.57	597.0	308.91	0.0186	110.5	1.989	2.52	-15.09	1.42
	83.31	-66.20	75.75	0.00	0.0735	13.58	597.5	308.44	0.0186	110.6	1.991	2.51	-15.11	1.42
	84.31	-65.72	75.75	0.00	0.0736	13.58	597.7	309.26	0.0186	110.8	1.994	2.52	-15.06	1.42
	85.31	-65.72	75.75	0.00	0.0735	13.57	597.2	309.00	0.0185	110.6	1.991	2.52	-15.08	1.42
	86.31	-65.26	75.75	0.00	0.0735	13.57	596.9	309.56	0.0185	110.5	1.990	2.52	-15.06	1.42
	87.31	-65.72	75.75	0.00	0.0736	13.59	597.7	309.29	0.0186	110.8	1.994	2.52	-15.06	1.42
	88.39	-65.72	75.75	0.00	0.0735	13.58	597.5	309.17	0.0185	110.6	1.991	2.52	-15.08	1.42
	89.31	-65.72	75.75	0.00	0.0736	13.58	597.6	309.20	0.0186	110.8	1.994	2.52	-15.06	1.42
	90.31	-65.26	75.75	0.00	0.0736	13.58	597.6	309.88	0.0186	111.0	1.997	2.53	-15.02	1.42
	91.31	-65.72	75.75	0.00	0.0736	13.58	597.7	309.25	0.0187	111.0	1.997	2.53	-15.04	1.42
	92.31	-65.26	75.75	0.00	0.0736	13.57	597.2	309.71	0.0186	110.8	1.994	2.53	-15.03	1.42
	93.31	-65.72	75.75	0.00	0.0736	13.59	597.9	309.37	0.0186	111.0	1.998	2.53	-15.04	1.42
	94.31	-66.19	75.75	0.00	0.0735	13.57	596.9	308.14	0.0185	110.7	1.993	2.51	-15.10	1.42
	95.31	-65.72	75.75	0.00	0.0735	13.57	597.1	308.95	0.0186	110.9	1.997	2.53	-15.05	1.42
	96.31	-65.71	75.72	0.00	0.0735	13.58	597.4	309.25	0.0186	110.9	1.995	2.52	-15.05	1.42
	97.31	-65.72	75.75	0.00	0.0735	13.57	597.3	309.05	0.0186	110.9	1.996	2.52	-15.05	1.42
	98.31	-65.72	75.75	0.00	0.0736	13.58	597.5	309.16	0.0187	110.9	1.997	2.53	-15.04	1.42
	99.31	-65.72	75.70	0.00	0.0736	13.59	597.9	309.57	0.0186	111.2	2.001	2.53	-15.02	1.42
	100.31	-65.72	75.75	0.00	0.0736	13.58	597.7	309.27	0.0187	111.2	2.002	2.53	-15.01	1.42
	101.31	-65.72	75.72	0.00	0.0735	13.57	597.2	309.10	0.0186	111.1	1.999	2.53	-15.03	1.42
	102.31	-65.26	75.75	0.00	0.0735	13.58	597.5	309.83	0.0186	111.3	2.003	2.54	-14.98	1.42
	103.31	-65.72	75.75	0.00	0.0736	13.58	597.5	309.16	0.0188	111.3	2.003	2.53	-15.01	1.42
	104.31	-65.26	75.78	0.00	0.0736	13.58	597.6	309.82	0.0187	111.3	2.003	2.54	-14.98	1.42
	105.31	-65.72	75.78	0.00	0.0736	13.59	597.8	309.20	0.0186	111.4	2.006	2.54	-14.99	1.42
	106.31	-65.72	75.75	0.00	0.0736	13.58	597.5	309.15	0.0187	111.0	1.999	2.53	-15.03	1.42
	107.39	-65.72	75.72	0.00	0.0736	13.59	597.9	309.49	0.0187	111.6	2.009	2.54	-14.97	1.42
	108.31	-65.72	75.78	0.00	0.0736	13.58	597.7	309.14	0.0187	111.6	2.008	2.54	-14.98	1.42
	109.39	-65.72	75.75	0.00	0.0736	13.59	598.0	309.40	0.0187	111.6	2.009	2.54	-14.97	1.42
	110.31	-65.26	75.75	0.00	0.0736	13.59	597.9	310.04	0.0188	111.5	2.008	2.54	-14.95	1.42
	111.31	-65.72	75.75	0.00	0.0736	13.59	597.8	309.33	0.0187	111.6	2.008	2.54	-14.98	1.42
	112.31	-65.72	75.75	0.00	0.0736	13.58	597.7	309.26	0.0187	111.8	2.012	2.55	-14.95	1.42
	113.31	-65.71	75.75	0.00	0.0736	13.59	597.8	309.35	0.0188	111.7	2.011	2.54	-14.96	1.42
	114.31	-65.72	75.72	0.00	0.0736	13.59	598.0	309.53	0.0188	111.8	2.013	2.55	-14.95	1.42
	115.31	-65.72	75.75	0.00	0.0735	13.59	597.9	309.37	0.0188	111.7	2.010	2.54	-14.97	1.42
	116.31	-65.72	75.75	0.00	0.0737	13.59	598.0	309.44	0.0188	111.8	2.012	2.55	-14.95	1.42
	117.31	-65.26	75.75	0.00	0.0736	13.60	598.3	310.24	0.0187	112.1	2.018	2.56	-14.89	1.42
	118.31	-65.72	75.75	0.00	0.0736	13.59	598.0	309.42	0.0188	112.3	2.021	2.56	-14.90	1.42
	119.31	-65.72	75.75	0.00	0.0736	13.60	598.3	309.57	0.0189	112.3	2.022	2.56	-14.89	1.42
	120.31	-65.72	75.75	0.00	0.0736	13.59	598.1	309.49	0.0188	112.1	2.019	2.55	-14.91	1.42
	121.31	-65.72	75.72	0.00	0.0737	13.60	598.3	309.69	0.0188	112.1	2.018	2.55	-14.92	1.42
	122.31	-65.72	75.75	0.00	0.0736	13.59	598.1	309.47	0.0188	112.2	2.019	2.55	-14.91	1.42
	123.31	-65.73	75.75	0.00	0.0736	13.59	598.0	309.44	0.0188	112.2	2.020	2.55	-14.91	1.42
	124.39	-65.72	75.75	0.00	0.0736	13.60	598.5	309.70	0.0188	112.5	2.025	2.56	-14.88	1.42
	125.31	-65.26	75.75	0.00	0.0736	13.59	598.0	310.13	0.0189	112.4	2.024	2.57	-14.86	1.42
	126.39	-65.72	75.75	0.00	0.0736	13.60	598.2	309.53	0.0188	112.4	2.024	2.56	-14.88	1.42
	127.31	-65.26	75.75	0.00	0.0737	13.59	598.0	310.10	0.0189	112.3	2.021	2.56	-14.87	1.42
	128.33	-65.72	75.78	0.00	0.0737	13.61	598.7	309.67	0.0189	112.7	2.028	2.56	-14.86	1.42
	129.31	-65.72	75.75	0.00	0.0736	13.61	598.7	309.78	0.0188	112.7	2.028	2.56	-14.86	1.42
	130.31	-65.72	75.75	0.00	0.0737	13.60	598.3	309.59	0.0188	112.8	2.030	2.57	-14.84	1.42
	131.31	-65.72	75.75	0.00	0.0737	13.60	598.6	309.72	0.0190	112.9	2.033	2.57	-14.83	1.42
	132.31	-65.72	75.78	0.00	0.0737	13.61	598.8	309.74	0.0189	113.0	2.033	2.57	-14.83	1.42
	133.31	-65.26	75.75	0.00	0.0737	13.61	598.8	310.51	0.0189	113.0	2.033	2.58	-14.80	1.42
	134.31	-65.72	75.72	0.00	0.0737	13.61	598.8	309.97	0.0190	113.0	2.034	2.57	-14.82	1.42
	135.31	-65.72	75.75	0.00	0.0737	13.61	598.9	309.89	0.0189	112.9	2.033	2.57	-14.83	1.42
	136.31	-65.72	75.72	0.00	0.0736	13.60	598.2	309.62	0.0188	112.8	2.031	2.57	-14.84	1.42
	137.31	-65.72	75.78	0.00	0.0736	13.61	598.7	309.66	0.0189	113.1	2.036	2.57	-14.81	1.42
	138.31	-65.72	75.75	0.00	0.0736	13.61	598.8	309.86	0.0190	113.0	2.035	2.57	-14.82	1.42
	139.31	-65.72	75.75	0.00	0.0737	13.61	598.9	309.88	0.0190	113.1	2.035	2.57	-14.81	1.42
	140.31	-65.72	75.72	0.00	0.0737	13.62	599.1	310.12	0.0190	113.3	2.040	2.58	-14.78	1.42
	141.39	-65.72	75.75	0.00	0.0737	13.61	598.8	309.81	0.0189	113.3	2.040	2.58	-14.79	1.42
	142.31	-65.72	75.75	0.00	0.0736	13.60	598.5	309.70	0.0190	113.2	2.038	2.58	-14.80	1.42
	143.39	-65.72	75.75	0.00	0.0737	13.61	598.7	309.80	0.0190	113.2	2.038	2.58	-14.80	1.42
	144.31	-65.72	75.72	0.00	0.0737	13.61	599.0	310.04	0.0190	113.2	2.038	2.58	-14.80	1.42
