Jun 18 2020 at 11:18:52
Frequency: 1.00Hz.
CO2
Zero:  Value:0.91  Date:May 19 2009 at 7:53:33 AM
Span:  Value:1.00  Date:May 19 2009 at 8:00:06 AM
H2O
Zero:  Value:0.77  Date:May 19 2009 at 7:54:01 AM
Span:  Value:1.01  Date:28 Jun 2004	 at 08:29:05	
	Relative Time	Temperature	Pressure	Aux Input	CO2 Absorptance	CO2 mmol/m3	CO2 mg/m3	CO2 umol/mol	H2O Absorptance	H2O mmol/m3	H2O g/m3	H2O mmol/mol	H2O(°C)	Cooler Voltage
	0.77	-65.72	73.75	0.00	0.0683	12.46	548.2	291.34	0.0320	208.6	3.756	4.88	-7.13	1.61
	1.78	-65.72	73.75	0.00	0.0685	12.43	547.0	290.74	0.0322	234.7	4.225	5.49	-5.59	1.61
	2.77	-65.72	73.75	0.00	0.0687	12.49	549.6	292.12	0.0290	199.5	3.592	4.67	-7.71	1.61
	3.78	-65.72	73.75	0.00	0.0683	12.48	549.0	291.76	0.0355	210.6	3.790	4.92	-7.01	1.61
	4.76	-65.72	73.77	0.00	0.0684	12.47	548.5	291.44	0.0326	217.4	3.913	5.08	-6.60	1.61
	5.78	-65.72	73.75	0.00	0.0684	12.52	550.8	292.77	0.0335	199.1	3.583	4.66	-7.74	1.61
	6.76	-65.72	73.75	0.00	0.0687	12.55	552.3	293.55	0.0285	178.1	3.205	4.16	-9.17	1.61
	7.78	-65.72	73.75	0.00	0.0682	12.42	546.5	290.48	0.0361	228.7	4.116	5.35	-5.94	1.61
	8.84	-65.72	73.75	0.00	0.0681	12.43	546.9	290.70	0.0367	222.4	4.004	5.20	-6.30	1.61
	9.78	-65.26	73.75	0.00	0.0688	12.45	547.9	291.87	0.0298	217.4	3.913	5.10	-6.57	1.61
	10.84	-65.72	73.75	0.00	0.0685	12.47	548.9	291.72	0.0322	217.9	3.922	5.10	-6.57	1.61
	11.78	-65.72	73.77	0.00	0.0683	12.49	549.4	291.92	0.0338	207.6	3.738	4.85	-7.19	1.61
	12.78	-65.26	73.75	0.00	0.0684	12.46	548.3	292.06	0.0340	226.3	4.074	5.30	-6.04	1.61
	13.78	-65.72	73.69	0.00	0.0686	12.45	547.7	291.32	0.0310	220.4	3.967	5.16	-6.42	1.61
	14.78	-65.72	73.75	0.00	0.0685	12.51	550.3	292.47	0.0326	203.7	3.667	4.76	-7.44	1.61
	15.78	-65.72	73.75	0.00	0.0688	12.54	551.6	293.16	0.0295	193.6	3.485	4.53	-8.10	1.61
	16.78	-65.72	73.72	0.00	0.0686	12.51	550.3	292.60	0.0312	204.4	3.680	4.78	-7.40	1.61
	17.78	-65.72	73.80	0.00	0.0686	12.52	551.0	292.68	0.0308	196.3	3.534	4.59	-7.92	1.61
	18.78	-65.72	73.75	0.00	0.0685	12.49	549.6	292.11	0.0320	208.1	3.746	4.87	-7.16	1.61
	19.78	-65.72	73.75	0.00	0.0683	12.42	546.6	290.53	0.0344	231.6	4.168	5.42	-5.77	1.61
	20.78	-65.72	73.80	0.00	0.0683	12.47	548.5	291.33	0.0336	209.3	3.767	4.89	-7.09	1.61
	21.77	-65.71	73.75	0.00	0.0685	12.46	548.2	291.37	0.0320	218.3	3.930	5.11	-6.54	1.61
	22.78	-65.72	73.75	0.00	0.0684	12.47	548.9	291.74	0.0334	211.0	3.799	4.94	-6.98	1.61
	23.77	-65.71	73.75	0.00	0.0685	12.47	548.9	291.72	0.0322	213.7	3.846	5.00	-6.82	1.61
	24.78	-65.72	73.74	0.00	0.0684	12.47	548.9	291.73	0.0333	215.2	3.873	5.03	-6.73	1.61
	25.86	-65.72	73.72	0.00	0.0680	12.44	547.4	291.04	0.0359	227.3	4.092	5.32	-6.01	1.61
	26.78	-66.20	73.75	0.00	0.0685	12.50	549.8	291.54	0.0338	208.7	3.756	4.87	-7.16	1.61
	27.77	-65.72	73.75	0.00	0.0685	12.51	550.3	292.51	0.0327	209.2	3.765	4.89	-7.10	1.61
	28.78	-65.72	73.75	0.00	0.0686	12.43	546.9	290.70	0.0321	234.8	4.226	5.49	-5.59	1.61
	29.84	-65.72	73.75	0.00	0.0686	12.51	550.6	292.64	0.0308	200.5	3.610	4.69	-7.65	1.61
	30.78	-65.72	73.72	0.00	0.0687	12.47	548.7	291.73	0.0310	218.5	3.932	5.11	-6.53	1.61
	31.78	-65.72	73.75	0.00	0.0683	12.46	548.3	291.40	0.0355	225.8	4.065	5.28	-6.10	1.61
	32.78	-65.73	73.75	0.00	0.0683	12.47	548.6	291.57	0.0336	216.3	3.893	5.06	-6.67	1.61
	33.78	-65.26	73.75	0.00	0.0680	12.35	543.5	289.51	0.0364	245.6	4.420	5.76	-4.97	1.61
	34.78	-65.72	73.75	0.00	0.0680	12.36	543.7	288.98	0.0366	249.3	4.487	5.83	-4.80	1.61
	35.78	-65.72	73.74	0.00	0.0687	12.47	548.5	291.52	0.0303	221.3	3.983	5.18	-6.37	1.61
	36.78	-65.72	73.72	0.00	0.0688	12.50	549.9	292.35	0.0282	203.2	3.657	4.75	-7.48	1.61
	37.78	-65.72	73.75	0.00	0.0686	12.45	547.7	291.08	0.0309	223.2	4.018	5.22	-6.25	1.60
	38.77	-65.72	73.75	0.00	0.0686	12.46	548.3	291.42	0.0306	214.4	3.859	5.01	-6.78	1.61
	39.78	-65.72	73.72	0.00	0.0686	12.41	546.2	290.43	0.0310	237.2	4.269	5.55	-5.46	1.61
	40.77	-65.72	73.75	0.00	0.0686	12.53	551.1	292.93	0.0305	188.1	3.385	4.40	-8.47	1.61
	41.78	-65.72	73.75	0.00	0.0686	12.43	547.1	290.77	0.0306	219.7	3.955	5.14	-6.46	1.61
	42.77	-65.72	73.75	0.00	0.0686	12.51	550.4	292.51	0.0301	194.3	3.497	4.54	-8.05	1.61
	43.78	-64.82	73.75	0.00	0.0683	12.49	549.6	293.38	0.0331	198.6	3.574	4.66	-7.72	1.61
	44.77	-65.73	73.72	0.00	0.0682	12.50	550.2	292.52	0.0320	190.0	3.419	4.44	-8.34	1.61
	45.78	-65.72	73.75	0.00	0.0685	12.46	548.1	291.30	0.0294	191.9	3.454	4.49	-8.21	1.60
	46.86	-65.72	73.75	0.00	0.0680	12.32	542.3	288.21	0.0337	233.1	4.195	5.45	-5.69	1.61
	47.78	-65.71	73.72	0.00	0.0683	12.44	547.4	291.07	0.0306	195.0	3.511	4.56	-8.00	1.61
	48.84	-65.72	73.75	0.00	0.0677	12.32	542.1	288.13	0.0346	226.4	4.075	5.29	-6.07	1.61
	49.78	-65.72	73.77	0.00	0.0680	12.43	547.1	290.67	0.0332	203.7	3.666	4.76	-7.45	1.60
	50.78	-65.72	73.72	0.00	0.0680	12.40	545.6	290.07	0.0331	215.2	3.873	5.03	-6.73	1.60
	51.78	-65.26	73.69	0.00	0.0685	12.54	551.6	294.02	0.0310	191.3	3.444	4.49	-8.22	1.60
	52.78	-65.72	73.75	0.00	0.0685	12.49	549.7	292.17	0.0294	185.1	3.332	4.33	-8.67	1.61
	53.78	-65.72	73.75	0.00	0.0689	12.44	547.1	290.81	0.0310	204.8	3.687	4.79	-7.37	1.61
	54.78	-65.72	73.75	0.00	0.0678	12.29	540.9	287.46	0.0340	230.2	4.144	5.38	-5.85	1.60
	55.78	-65.72	73.75	0.00	0.0684	12.32	542.1	288.14	0.0294	222.1	3.998	5.19	-6.32	1.60
	56.78	-65.72	73.75	0.00	0.0703	12.54	551.7	293.25	0.0282	176.3	3.174	4.12	-9.29	1.60
	57.78	-65.72	73.72	0.00	0.0684	12.33	542.4	288.39	0.0296	220.5	3.969	5.16	-6.41	1.60
	58.78	-65.26	73.72	0.00	0.0682	12.43	546.7	291.33	0.0308	196.9	3.544	4.62	-7.85	1.60
	59.78	-65.72	73.72	0.00	0.0676	12.32	542.2	288.28	0.0348	218.4	3.930	5.11	-6.54	1.60
	60.78	-66.19	73.72	0.00	0.0677	12.38	544.9	289.07	0.0335	204.6	3.682	4.77	-7.42	1.60
	61.77	-65.72	73.72	0.00	0.0682	12.42	546.4	290.49	0.0305	196.8	3.543	4.60	-7.89	1.60
	62.78	-65.72	73.72	0.00	0.0679	12.41	545.8	290.21	0.0326	199.3	3.587	4.66	-7.73	1.60
	63.77	-65.26	73.72	0.00	0.0679	12.24	538.4	286.89	0.0321	235.9	4.247	5.53	-5.50	1.60
	64.78	-65.26	73.77	0.00	0.0676	12.37	544.4	289.91	0.0337	201.5	3.627	4.72	-7.55	1.60
	65.84	-65.72	73.75	0.00	0.0686	12.43	546.9	290.68	0.0272	190.0	3.420	4.44	-8.34	1.60
	66.78	-66.19	73.75	0.00	0.0681	12.46	548.1	290.64	0.0307	183.8	3.309	4.29	-8.79	1.60
	67.78	-65.72	73.77	0.00	0.0679	12.43	546.8	290.51	0.0322	194.8	3.506	4.55	-8.02	1.60
	68.78	-65.72	73.75	0.00	0.0683	12.34	542.8	288.50	0.0313	213.2	3.837	4.98	-6.85	1.60
	69.78	-65.26	73.75	0.00	0.0679	12.37	544.5	290.03	0.0334	206.7	3.720	4.84	-7.23	1.60
	70.78	-65.72	73.72	0.00	0.0680	12.36	543.8	289.14	0.0320	214.9	3.868	5.03	-6.75	1.60
	71.78	-65.72	73.72	0.00	0.0675	12.31	541.4	287.87	0.0356	224.5	4.041	5.25	-6.18	1.60
	72.78	-65.72	73.69	0.00	0.0676	12.28	540.4	287.41	0.0351	235.5	4.238	5.51	-5.55	1.60
	73.78	-65.26	73.72	0.00	0.0676	12.29	540.7	288.12	0.0341	233.3	4.199	5.47	-5.65	1.60
	74.78	-65.72	73.72	0.00	0.0681	12.43	546.9	290.81	0.0317	191.7	3.450	4.48	-8.23	1.60
	75.78	-65.72	73.69	0.00	0.0687	12.44	547.4	291.16	0.0270	190.6	3.432	4.46	-8.30	1.60
	76.78	-65.71	73.72	0.00	0.0683	12.34	543.1	288.79	0.0299	214.0	3.852	5.01	-6.80	1.60
	77.78	-65.26	73.75	0.00	0.0680	12.38	544.7	290.16	0.0319	205.7	3.703	4.82	-7.29	1.60
	78.77	-65.72	73.75	0.00	0.0678	12.32	542.1	288.11	0.0332	221.5	3.986	5.18	-6.36	1.60
	79.78	-65.72	73.75	0.00	0.0681	12.28	540.4	287.24	0.0313	229.7	4.134	5.37	-5.88	1.60
	80.77	-65.72	73.75	0.00	0.0683	12.39	545.1	289.69	0.0300	203.3	3.659	4.75	-7.47	1.60
	81.78	-66.19	73.75	0.00	0.0681	12.26	539.2	285.94	0.0312	234.2	4.216	5.47	-5.65	1.60
	82.86	-65.26	73.75	0.00	0.0684	12.30	541.2	288.29	0.0288	221.9	3.994	5.20	-6.30	1.60
	83.78	-65.72	73.72	0.00	0.0677	12.29	540.8	287.52	0.0340	225.8	4.064	5.28	-6.11	1.60
	84.86	-64.82	73.72	0.00	0.0678	12.22	537.6	287.07	0.0331	242.9	4.371	5.71	-5.09	1.60
	85.78	-65.72	73.72	0.00	0.0675	12.14	534.0	283.92	0.0352	267.6	4.816	6.26	-3.86	1.60
	86.78	-65.72	73.72	0.00	0.0682	12.43	547.0	290.85	0.0303	200.3	3.606	4.69	-7.66	1.60
	87.78	-65.26	73.72	0.00	0.0681	12.47	548.7	292.37	0.0304	180.3	3.246	4.23	-8.98	1.60
	88.78	-65.72	73.72	0.00	0.0686	12.42	546.5	290.58	0.0273	191.9	3.453	4.49	-8.21	1.60
	89.78	-65.72	73.69	0.00	0.0683	12.44	547.5	291.19	0.0288	184.0	3.312	4.31	-8.75	1.60
	90.78	-65.26	73.72	0.00	0.0681	12.45	547.6	291.80	0.0309	189.7	3.415	4.45	-8.33	1.60
	91.78	-65.72	73.72	0.00	0.0679	12.34	543.0	288.69	0.0327	212.5	3.825	4.97	-6.89	1.60
	92.78	-65.72	73.75	0.00	0.0680	12.38	544.8	289.56	0.0322	205.3	3.695	4.80	-7.34	1.60
	93.78	-65.72	73.72	0.00	0.0682	12.38	544.8	289.65	0.0308	208.0	3.745	4.87	-7.17	1.60
	94.78	-65.72	73.72	0.00	0.0678	12.39	545.3	289.90	0.0327	203.2	3.657	4.75	-7.48	1.60
