Jun 12 2020 at 10:53:23
Frequency: 1.00Hz.
CO2
Zero:  Value:0.91  Date:May 19 2009 at 7:53:33 AM
Span:  Value:1.00  Date:May 19 2009 at 8:00:06 AM
H2O
Zero:  Value:0.77  Date:May 19 2009 at 7:54:01 AM
Span:  Value:1.01  Date:28 Jun 2004	 at 08:29:05	
	Relative Time	Temperature	Pressure	Aux Input	CO2 Absorptance	CO2 mmol/m3	CO2 mg/m3	CO2 umol/mol	H2O Absorptance	H2O mmol/m3	H2O g/m3	H2O mmol/mol	H2O(°C)	Cooler Voltage
	0.86	-65.72	76.56	0.00	0.0696	12.59	554.1	283.67	0.0301	194.6	3.502	4.38	-8.03	1.75
	1.86	-65.73	76.58	0.00	0.0695	12.58	553.4	283.21	0.0303	195.9	3.527	4.41	-7.94	1.75
	2.86	-65.71	76.58	0.00	0.0695	12.56	552.8	282.95	0.0307	200.2	3.604	4.51	-7.66	1.75
	3.86	-65.26	76.58	0.00	0.0696	12.59	554.1	284.21	0.0308	198.8	3.578	4.49	-7.73	1.75
	4.86	-65.26	76.58	0.00	0.0694	12.56	552.6	283.45	0.0315	202.9	3.652	4.58	-7.47	1.75
	5.86	-65.26	76.64	0.00	0.0694	12.57	553.1	283.51	0.0312	201.9	3.635	4.55	-7.53	1.75
	6.86	-65.26	76.58	0.00	0.0695	12.57	553.2	283.75	0.0311	203.0	3.655	4.58	-7.46	1.75
	7.94	-65.72	76.58	0.00	0.0695	12.57	553.3	283.17	0.0313	203.3	3.660	4.58	-7.47	1.75
	8.86	-65.26	76.64	0.00	0.0694	12.55	552.3	283.10	0.0316	207.4	3.733	4.68	-7.18	1.75
	9.94	-65.26	76.58	0.00	0.0694	12.56	552.7	283.52	0.0318	206.6	3.719	4.66	-7.23	1.75
	10.86	-65.71	76.61	0.00	0.0693	12.53	551.5	282.15	0.0327	211.3	3.803	4.76	-6.97	1.75
	11.88	-64.82	76.58	0.00	0.0693	12.56	552.6	284.04	0.0322	209.1	3.764	4.73	-7.05	1.75
	12.86	-65.72	76.56	0.00	0.0694	12.54	551.8	282.51	0.0324	211.0	3.799	4.75	-6.98	1.75
	13.88	-65.71	76.58	0.00	0.0693	12.53	551.1	282.09	0.0327	214.4	3.859	4.83	-6.78	1.75
	14.86	-66.19	76.58	0.00	0.0691	12.51	550.7	281.18	0.0336	216.6	3.898	4.87	-6.68	1.75
	15.88	-65.72	76.58	0.00	0.0693	12.52	550.9	281.95	0.0327	217.7	3.919	4.90	-6.58	1.75
	16.86	-65.72	76.58	0.00	0.0692	12.53	551.2	282.11	0.0330	216.6	3.898	4.88	-6.65	1.75
	17.88	-65.26	76.58	0.00	0.0693	12.52	550.7	282.47	0.0331	218.6	3.935	4.93	-6.50	1.75
	18.86	-65.26	76.58	0.00	0.0692	12.51	550.5	282.38	0.0335	221.5	3.988	5.00	-6.32	1.75
	19.88	-65.72	76.58	0.00	0.0692	12.50	550.1	281.57	0.0338	223.2	4.018	5.03	-6.25	1.75
	20.86	-65.26	76.58	0.00	0.0691	12.49	549.6	281.91	0.0338	224.8	4.046	5.07	-6.13	1.75
	21.86	-65.72	76.58	0.00	0.0692	12.50	549.9	281.43	0.0339	224.4	4.040	5.05	-6.18	1.75
	22.86	-65.26	76.61	0.00	0.0691	12.49	549.7	281.88	0.0342	226.3	4.073	5.10	-6.05	1.75
	23.86	-65.72	76.61	0.00	0.0692	12.49	549.8	281.28	0.0341	227.1	4.088	5.11	-6.03	1.75
	24.86	-65.72	76.56	0.00	0.0692	12.49	549.7	281.44	0.0344	228.6	4.115	5.15	-5.94	1.75
	25.86	-65.26	76.58	0.00	0.0691	12.48	549.1	281.65	0.0349	232.4	4.183	5.24	-5.70	1.75
	26.86	-65.72	76.64	0.00	0.0691	12.48	549.3	280.93	0.0349	232.9	4.192	5.24	-5.70	1.75
	27.86	-65.72	76.61	0.00	0.0691	12.47	548.6	280.66	0.0353	238.8	4.299	5.38	-5.37	1.75
	28.86	-65.26	76.61	0.00	0.0690	12.46	548.1	281.03	0.0356	240.0	4.320	5.41	-5.27	1.75
	29.86	-65.72	76.58	0.00	0.0691	12.48	549.0	280.99	0.0353	236.6	4.259	5.33	-5.49	1.75
	30.86	-65.72	76.58	0.00	0.0690	12.47	548.5	280.74	0.0358	240.1	4.322	5.41	-5.30	1.75
	31.86	-65.26	76.58	0.00	0.0690	12.48	549.1	281.67	0.0359	239.7	4.314	5.41	-5.29	1.75
	32.86	-65.72	76.61	0.00	0.0691	12.48	549.1	280.92	0.0359	240.6	4.331	5.42	-5.27	1.75
	33.86	-65.26	76.64	0.00	0.0691	12.48	549.0	281.39	0.0363	243.8	4.389	5.50	-5.06	1.75
	34.86	-65.72	76.61	0.00	0.0691	12.47	548.9	280.81	0.0365	244.8	4.406	5.51	-5.04	1.75
	35.86	-65.72	76.58	0.00	0.0690	12.46	548.4	280.69	0.0370	250.7	4.513	5.65	-4.73	1.75
	36.94	-65.72	76.61	0.00	0.0690	12.46	548.4	280.56	0.0368	249.7	4.495	5.62	-4.78	1.75
	37.86	-65.72	76.56	0.00	0.0690	12.46	548.4	280.76	0.0371	250.1	4.502	5.63	-4.76	1.75
	38.94	-65.72	76.61	0.00	0.0690	12.46	548.1	280.44	0.0374	252.8	4.550	5.69	-4.62	1.75
	39.86	-65.72	76.58	0.00	0.0690	12.43	546.9	279.89	0.0377	262.0	4.715	5.90	-4.14	1.75
	40.94	-65.72	76.58	0.00	0.0690	12.46	548.1	280.52	0.0374	253.3	4.560	5.71	-4.59	1.75
	41.86	-65.72	76.58	0.00	0.0689	12.45	547.8	280.35	0.0382	258.7	4.657	5.83	-4.31	1.76
	42.88	-65.72	76.58	0.00	0.0689	12.43	547.1	280.01	0.0384	261.5	4.707	5.89	-4.17	1.75
	43.86	-65.72	76.58	0.00	0.0689	12.44	547.6	280.25	0.0379	257.4	4.633	5.80	-4.38	1.75
	44.88	-65.72	76.58	0.00	0.0688	12.43	547.0	279.95	0.0388	260.2	4.684	5.86	-4.23	1.75
	45.86	-65.72	76.58	0.00	0.0689	12.44	547.4	280.16	0.0380	259.0	4.662	5.83	-4.29	1.75
	46.88	-65.26	76.58	0.00	0.0689	12.43	546.8	280.45	0.0386	265.4	4.777	5.99	-3.94	1.75
	47.86	-65.72	76.61	0.00	0.0688	12.42	546.7	279.70	0.0391	264.2	4.755	5.95	-4.03	1.75
	48.88	-65.72	76.58	0.00	0.0689	12.42	546.6	279.77	0.0386	262.6	4.727	5.91	-4.11	1.75
	49.86	-65.72	76.58	0.00	0.0688	12.42	546.7	279.80	0.0386	263.4	4.742	5.93	-4.07	1.75
	50.88	-65.72	76.58	0.00	0.0688	12.41	545.8	279.36	0.0390	269.3	4.847	6.06	-3.78	1.75
	51.86	-65.72	76.61	0.00	0.0687	12.41	546.1	279.38	0.0392	268.9	4.840	6.05	-3.80	1.75
	52.88	-65.26	76.61	0.00	0.0688	12.39	545.1	279.53	0.0389	271.6	4.888	6.13	-3.63	1.76
	53.86	-65.72	76.61	0.00	0.0687	12.41	545.8	279.27	0.0393	269.1	4.844	6.06	-3.79	1.75
	54.86	-65.72	76.61	0.00	0.0686	12.37	544.5	278.57	0.0401	272.5	4.906	6.13	-3.62	1.75
	55.86	-65.72	76.58	0.00	0.0687	12.41	545.9	279.41	0.0391	267.7	4.819	6.03	-3.85	1.75
	56.86	-65.72	76.58	0.00	0.0686	12.37	544.1	278.47	0.0402	277.7	4.998	6.25	-3.37	1.75
	57.86	-65.72	76.58	0.00	0.0687	12.40	545.4	279.16	0.0394	269.7	4.854	6.07	-3.76	1.75
	58.86	-65.72	76.56	0.00	0.0688	12.40	545.6	279.36	0.0395	270.7	4.872	6.10	-3.71	1.76
	59.86	-65.26	76.56	0.00	0.0687	12.35	543.6	278.93	0.0398	273.8	4.929	6.18	-3.52	1.75
	60.86	-65.72	76.58	0.00	0.0687	12.39	545.0	278.92	0.0400	277.9	5.003	6.26	-3.35	1.75
	61.86	-65.72	76.61	0.00	0.0686	12.39	545.0	278.86	0.0396	271.9	4.894	6.12	-3.65	1.75
	62.86	-65.72	76.58	0.00	0.0687	12.39	545.3	279.10	0.0396	270.8	4.874	6.10	-3.70	1.75
	63.86	-65.72	76.58	0.00	0.0687	12.38	544.8	278.84	0.0397	274.3	4.937	6.18	-3.53	1.76
	64.86	-65.72	76.61	0.00	0.0687	12.39	545.0	278.84	0.0399	274.4	4.939	6.18	-3.53	1.76
	65.86	-65.72	76.61	0.00	0.0687	12.39	545.0	278.82	0.0398	274.3	4.937	6.17	-3.53	1.76
	66.86	-65.72	76.61	0.00	0.0687	12.39	545.2	278.92	0.0398	274.3	4.937	6.17	-3.53	1.76
	67.94	-65.72	76.61	0.00	0.0687	12.39	545.1	278.87	0.0401	276.8	4.983	6.23	-3.41	1.76
	68.86	-65.72	76.58	0.00	0.0687	12.38	544.7	278.77	0.0402	278.0	5.004	6.26	-3.35	1.76
	69.94	-65.73	76.58	0.00	0.0686	12.39	545.0	278.90	0.0404	278.9	5.020	6.28	-3.31	1.76
	70.86	-65.72	76.61	0.00	0.0687	12.37	544.5	278.56	0.0405	281.3	5.063	6.33	-3.19	1.76
	71.88	-65.72	76.58	0.00	0.0687	12.38	544.6	278.75	0.0406	281.1	5.059	6.33	-3.20	1.76
	72.86	-65.72	76.56	0.00	0.0686	12.37	544.2	278.64	0.0408	282.3	5.081	6.36	-3.15	1.76
	73.88	-65.26	76.58	0.00	0.0683	12.35	543.3	278.70	0.0426	287.2	5.169	6.48	-2.89	1.76
	74.86	-65.72	76.64	0.00	0.0686	12.37	544.1	278.26	0.0409	283.3	5.099	6.38	-3.10	1.76
	75.88	-65.73	76.53	0.00	0.0685	12.36	543.7	278.43	0.0415	286.8	5.163	6.46	-2.93	1.76
	76.86	-65.72	76.61	0.00	0.0685	12.36	543.9	278.30	0.0416	284.8	5.127	6.41	-3.03	1.76
	77.88	-65.72	76.61	0.00	0.0686	12.35	543.3	277.99	0.0412	286.3	5.153	6.44	-2.96	1.76
	78.86	-65.72	76.61	0.00	0.0685	12.35	543.4	278.01	0.0413	286.9	5.165	6.46	-2.93	1.76
	79.88	-65.72	76.58	0.00	0.0685	12.35	543.4	278.09	0.0417	287.3	5.172	6.47	-2.91	1.76
	80.86	-65.72	76.58	0.00	0.0685	12.35	543.5	278.14	0.0415	287.5	5.176	6.48	-2.90	1.76
	81.88	-65.73	76.58	0.00	0.0685	12.34	543.0	277.90	0.0416	291.0	5.237	6.55	-2.74	1.76
	82.86	-65.26	76.58	0.00	0.0684	12.33	542.7	278.36	0.0423	293.6	5.285	6.63	-2.59	1.76
	83.88	-65.26	76.61	0.00	0.0685	12.32	542.1	277.96	0.0420	299.4	5.389	6.75	-2.33	1.76
	84.86	-65.72	76.58	0.00	0.0685	12.34	542.9	277.86	0.0420	294.9	5.308	6.64	-2.56	1.76
	85.88	-65.25	76.61	0.00	0.0684	12.34	542.8	278.31	0.0420	293.3	5.279	6.62	-2.60	1.76
	86.86	-65.24	76.61	0.00	0.0684	12.33	542.4	278.16	0.0420	293.4	5.282	6.62	-2.59	1.76
	87.86	-65.72	76.61	0.00	0.0684	12.33	542.5	277.54	0.0422	296.4	5.335	6.67	-2.49	1.76
	88.86	-65.72	76.61	0.00	0.0684	12.33	542.4	277.49	0.0423	295.8	5.325	6.66	-2.52	1.76
	89.86	-65.72	76.56	0.00	0.0683	12.32	542.0	277.47	0.0428	298.7	5.377	6.73	-2.39	1.76
	90.86	-65.73	76.58	0.00	0.0683	12.32	541.9	277.32	0.0432	298.8	5.379	6.73	-2.38	1.76
	91.86	-65.72	76.58	0.00	0.0683	12.32	541.9	277.33	0.0427	299.7	5.395	6.75	-2.34	1.76
	92.86	-65.72	76.61	0.00	0.0684	12.31	541.7	277.17	0.0427	300.6	5.412	6.77	-2.30	1.76
	93.86	-65.72	76.58	0.00	0.0684	12.32	541.9	277.36	0.0427	299.4	5.389	6.74	-2.35	1.76
	94.86	-65.72	76.58	0.00	0.0684	12.31	541.6	277.20	0.0428	301.2	5.422	6.78	-2.27	1.76
	95.86	-65.26	76.58	0.00	0.0683	12.31	541.5	277.73	0.0429	301.2	5.422	6.80	-2.24	1.76
	96.94	-65.27	76.56	0.00	0.0683	12.29	540.8	277.47	0.0433	304.7	5.485	6.88	-2.09	1.76
	97.86	-65.26	76.58	0.00	0.0683	12.30	541.1	277.54	0.0432	304.6	5.483	6.88	-2.09	1.76
	98.94	-65.72	76.58	0.00	0.0683	12.30	541.1	276.92	0.0433	305.2	5.494	6.87	-2.09	1.76
	99.86	-65.26	76.58	0.00	0.0682	12.29	540.8	277.41	0.0434	306.0	5.508	6.91	-2.03	1.76
	100.88	-65.26	76.56	0.00	0.0681	12.24	538.7	276.40	0.0447	324.4	5.839	7.32	-1.24	1.76
	101.86	-65.72	76.61	0.00	0.0683	12.28	540.5	276.52	0.0438	310.4	5.587	6.99	-1.87	1.76
	102.88	-65.72	76.61	0.00	0.0682	12.29	540.8	276.71	0.0438	308.9	5.560	6.95	-1.93	1.76
	103.86	-65.72	76.58	0.00	0.0682	12.28	540.3	276.54	0.0439	309.7	5.574	6.97	-1.90	1.76
	104.88	-65.72	76.58	0.00	0.0682	12.28	540.3	276.53	0.0440	310.9	5.596	7.00	-1.84	1.76
	105.86	-65.72	76.61	0.00	0.0682	12.28	540.2	276.37	0.0442	312.7	5.628	7.04	-1.77	1.76
	106.88	-65.26	76.56	0.00	0.0681	12.27	539.7	276.93	0.0445	314.0	5.651	7.09	-1.68	1.76
	107.86	-65.72	76.58	0.00	0.0682	12.27	539.7	276.22	0.0444	314.4	5.660	7.08	-1.69	1.76
	108.88	-65.72	76.58	0.00	0.0682	12.27	539.7	276.21	0.0445	316.4	5.695	7.12	-1.61	1.76
