Jun 23 2020 at 20:40:41
Frequency: 1.00Hz.
CO2
Zero:  Value:0.91  Date:May 19 2009 at 7:53:33 AM
Span:  Value:1.00  Date:May 19 2009 at 8:00:06 AM
H2O
Zero:  Value:0.77  Date:May 19 2009 at 7:54:01 AM
Span:  Value:1.01  Date:28 Jun 2004	 at 08:29:05	
	Relative Time	Temperature	Pressure	Aux Input	CO2 Absorptance	CO2 mmol/m3	CO2 mg/m3	CO2 umol/mol	H2O Absorptance	H2O mmol/m3	H2O g/m3	H2O mmol/mol	H2O(°C)	Cooler Voltage
	0.53	-65.72	74.03	0.00	0.0768	14.42	634.6	336.00	0.0390	267.1	4.807	6.22	-3.89	1.40
	1.55	-65.72	74.03	0.00	0.0775	14.78	650.5	344.41	0.0395	275.7	4.963	6.42	-3.46	1.41
	2.53	-65.72	74.03	0.00	0.0774	14.69	646.2	342.12	0.0395	274.6	4.943	6.40	-3.51	1.41
	3.55	-65.72	74.03	0.00	0.0761	14.29	628.6	332.83	0.0386	265.0	4.771	6.17	-3.99	1.41
	4.53	-65.72	74.03	0.00	0.0750	14.41	634.2	335.77	0.0376	268.4	4.831	6.25	-3.82	1.41
	5.53	-66.19	74.03	0.00	0.0767	14.51	638.6	337.35	0.0388	270.2	4.864	6.28	-3.76	1.41
	6.53	-65.72	74.03	0.00	0.0766	14.37	632.2	334.72	0.0388	266.7	4.801	6.21	-3.90	1.41
	7.53	-65.72	74.08	0.00	0.0754	14.26	627.4	331.93	0.0380	263.1	4.736	6.13	-4.08	1.41
	8.55	-65.26	74.03	0.00	0.0763	14.30	629.2	333.87	0.0388	265.1	4.771	6.19	-3.96	1.41
	9.53	-65.72	74.03	0.00	0.0750	14.06	618.5	327.47	0.0376	258.0	4.644	6.01	-4.34	1.41
	10.55	-65.72	74.03	0.00	0.0755	14.16	623.2	329.92	0.0383	261.8	4.713	6.10	-4.15	1.41
	11.53	-65.26	74.03	0.00	0.0762	14.38	632.7	335.71	0.0388	269.7	4.854	6.30	-3.73	1.41
	12.55	-65.26	74.03	0.00	0.0751	14.12	621.4	329.73	0.0377	261.9	4.715	6.12	-4.12	1.41
	13.53	-65.72	74.03	0.00	0.0742	13.89	611.1	323.54	0.0371	254.8	4.586	5.94	-4.51	1.41
	14.55	-65.72	74.03	0.00	0.0741	13.78	606.2	320.96	0.0369	250.9	4.517	5.85	-4.72	1.41
	15.53	-65.72	74.03	0.00	0.0748	13.90	611.6	323.79	0.0373	254.3	4.578	5.92	-4.54	1.41
	16.53	-65.73	74.06	0.00	0.0745	13.85	609.4	322.54	0.0372	251.8	4.532	5.86	-4.67	1.41
	17.55	-65.72	74.03	0.00	0.0752	14.01	616.3	326.31	0.0380	258.7	4.656	6.03	-4.31	1.41
	18.53	-65.72	74.03	0.00	0.0746	14.00	616.0	326.12	0.0374	257.9	4.643	6.01	-4.35	1.41
	19.55	-65.72	74.01	0.00	0.0743	13.87	610.3	323.20	0.0369	251.2	4.522	5.85	-4.70	1.41
	20.53	-65.72	74.03	0.00	0.0748	13.96	614.4	325.29	0.0373	255.9	4.606	5.96	-4.46	1.41
	21.55	-65.26	74.03	0.00	0.0750	13.99	615.6	326.62	0.0374	255.7	4.603	5.97	-4.44	1.41
	22.53	-65.26	74.03	0.00	0.0751	14.07	619.1	328.53	0.0378	259.1	4.664	6.05	-4.26	1.41
	23.55	-65.72	74.03	0.00	0.0753	14.09	619.8	328.15	0.0381	261.2	4.701	6.08	-4.18	1.40
	24.53	-65.26	74.03	0.00	0.0755	14.02	616.8	327.29	0.0379	256.3	4.614	5.98	-4.40	1.41
	25.53	-65.72	74.03	0.00	0.0758	14.25	626.9	331.91	0.0381	263.0	4.734	6.13	-4.09	1.41
	26.53	-65.72	74.03	0.00	0.0744	14.16	623.1	329.87	0.0369	261.7	4.711	6.10	-4.16	1.41
	27.53	-65.72	74.03	0.00	0.0746	14.04	617.9	327.16	0.0370	257.6	4.637	6.00	-4.37	1.41
	28.61	-65.72	74.03	0.00	0.0756	14.19	624.5	330.62	0.0384	263.1	4.736	6.13	-4.09	1.40
	29.53	-66.68	74.03	0.00	0.0759	14.28	628.3	331.11	0.0387	267.9	4.822	6.21	-3.91	1.41
	30.55	-65.72	74.03	0.00	0.0755	14.19	624.6	330.67	0.0382	263.7	4.747	6.14	-4.05	1.41
	31.53	-65.72	74.03	0.00	0.0759	14.20	624.6	330.70	0.0383	262.3	4.722	6.11	-4.13	1.41
	32.55	-66.20	74.03	0.00	0.0761	14.21	625.1	330.21	0.0388	263.3	4.740	6.12	-4.10	1.41
	33.53	-65.72	73.98	0.00	0.0760	14.29	629.0	333.24	0.0384	265.0	4.769	6.18	-3.99	1.41
	34.55	-65.73	74.03	0.00	0.0761	14.29	628.7	332.82	0.0384	264.1	4.753	6.15	-4.04	1.40
	35.53	-66.19	74.03	0.00	0.0762	14.35	631.3	333.46	0.0385	265.7	4.783	6.18	-3.98	1.41
	36.53	-65.72	73.98	0.00	0.0757	14.19	624.2	330.70	0.0380	259.9	4.678	6.06	-4.25	1.41
	37.53	-65.72	74.03	0.00	0.0761	14.36	632.0	334.63	0.0384	265.2	4.774	6.18	-3.98	1.41
	38.53	-65.25	74.03	0.00	0.0754	14.16	623.0	330.60	0.0377	259.1	4.663	6.05	-4.26	1.41
	39.55	-65.26	74.03	0.00	0.0768	14.41	633.9	336.35	0.0390	267.2	4.809	6.24	-3.85	1.41
	40.53	-65.73	74.03	0.00	0.0751	14.16	623.1	329.87	0.0375	260.5	4.689	6.07	-4.22	1.40
	41.55	-65.72	74.01	0.00	0.0761	14.34	631.1	334.26	0.0385	264.5	4.761	6.16	-4.02	1.40
	42.53	-65.72	74.06	0.00	0.0747	14.01	616.6	326.36	0.0371	255.3	4.595	5.94	-4.49	1.40
	43.55	-65.72	74.03	0.00	0.0742	13.77	605.9	320.77	0.0365	246.4	4.436	5.74	-4.95	1.41
	44.53	-65.72	74.03	0.00	0.0751	14.04	617.9	327.12	0.0373	254.8	4.586	5.94	-4.51	1.41
	45.55	-65.72	74.06	0.00	0.0752	14.09	619.9	328.11	0.0374	256.4	4.616	5.97	-4.43	1.40
	46.53	-65.72	74.03	0.00	0.0755	14.15	622.6	329.62	0.0378	258.6	4.656	6.03	-4.31	1.40
	47.53	-65.72	74.03	0.00	0.0756	14.16	623.0	329.84	0.0377	258.5	4.653	6.02	-4.32	1.40
	48.61	-65.72	74.03	0.00	0.0771	15.03	661.3	350.13	0.0385	264.8	4.766	6.17	-4.00	1.40
	49.53	-65.73	74.03	0.00	0.0764	14.16	622.9	329.76	0.0379	259.8	4.676	6.05	-4.26	1.41
	50.55	-65.72	74.03	0.00	0.0757	14.18	624.1	330.42	0.0378	259.1	4.664	6.04	-4.29	1.41
	51.53	-65.72	74.03	0.00	0.0759	14.25	626.9	331.90	0.0381	261.4	4.706	6.09	-4.17	1.40
	52.55	-65.73	74.03	0.00	0.0761	14.21	625.3	331.04	0.0382	260.7	4.693	6.07	-4.21	1.40
	53.53	-65.72	74.03	0.00	0.0757	14.26	627.3	332.14	0.0378	261.1	4.699	6.08	-4.19	1.40
	54.55	-66.19	74.03	0.00	0.0760	14.34	631.0	333.33	0.0380	262.2	4.719	6.09	-4.16	1.40
	55.53	-65.72	74.01	0.00	0.0772	14.50	638.1	337.96	0.0386	263.1	4.735	6.13	-4.09	1.41
	56.55	-65.72	74.03	0.00	0.0762	14.14	622.2	329.44	0.0374	256.9	4.624	5.98	-4.40	1.41
	57.61	-65.72	74.03	0.00	0.0817	16.90	743.7	393.77	0.0387	264.0	4.752	6.15	-4.04	1.41
	58.53	-65.72	74.01	0.00	0.0812	15.67	689.4	365.13	0.0391	272.5	4.905	6.35	-3.62	1.40
	59.55	-66.19	74.03	0.00	0.0790	14.92	656.6	346.85	0.0383	264.8	4.766	6.15	-4.03	1.40
	60.53	-65.26	74.03	0.00	0.0797	14.80	651.3	345.61	0.0385	266.5	4.796	6.22	-3.89	1.41
	61.55	-65.72	74.03	0.00	0.0798	14.58	641.7	339.74	0.0390	262.8	4.730	6.12	-4.10	1.41
	62.53	-65.72	74.03	0.00	0.0765	14.56	640.4	339.07	0.0383	262.2	4.720	6.11	-4.13	1.41
	63.55	-65.72	74.03	0.00	0.0764	14.67	645.7	341.84	0.0381	262.6	4.728	6.12	-4.11	1.40
	64.53	-65.72	74.06	0.00	0.0762	14.48	637.0	337.15	0.0378	260.2	4.684	6.06	-4.23	1.40
	65.55	-65.72	74.03	0.00	0.0764	14.41	634.1	335.74	0.0379	259.0	4.663	6.03	-4.29	1.40
	66.53	-65.72	74.03	0.00	0.0770	14.43	634.8	336.07	0.0380	259.8	4.676	6.05	-4.25	1.41
	67.55	-65.72	74.03	0.00	0.0764	14.42	634.4	335.90	0.0377	258.5	4.654	6.02	-4.32	1.41
	68.55	-65.72	74.03	0.00	0.0777	14.64	644.1	341.00	0.0379	260.8	4.695	6.08	-4.20	1.41
	69.53	-66.20	74.03	0.00	0.0797	15.42	678.3	358.30	0.0381	262.0	4.715	6.09	-4.17	1.40
	70.55	-65.72	74.06	0.00	0.0780	14.78	650.5	344.27	0.0385	262.5	4.726	6.11	-4.11	1.40
	71.53	-65.72	74.03	0.00	0.0764	14.48	637.2	337.34	0.0378	260.6	4.692	6.07	-4.21	1.40
	72.55	-65.72	74.03	0.00	0.0788	14.71	647.2	342.65	0.0384	262.1	4.717	6.10	-4.14	1.41
	73.53	-65.72	74.03	0.00	0.0778	14.90	655.7	347.16	0.0383	261.9	4.714	6.10	-4.15	1.41
	74.55	-65.72	73.98	0.00	0.0770	14.69	646.6	342.56	0.0379	261.4	4.704	6.09	-4.17	1.40
	75.53	-65.72	74.03	0.00	0.0793	15.16	667.2	353.22	0.0382	265.2	4.774	6.18	-3.98	1.40
	76.55	-65.72	74.03	0.00	0.0776	14.37	632.3	334.77	0.0379	258.8	4.658	6.03	-4.31	1.40
	77.61	-65.72	73.98	0.00	0.0778	14.68	645.7	342.12	0.0380	259.7	4.674	6.05	-4.26	1.40
	78.55	-65.72	74.03	0.00	0.0767	14.45	635.9	336.66	0.0379	259.7	4.675	6.05	-4.26	1.41
	79.55	-65.71	74.03	0.00	0.0763	14.32	630.2	333.67	0.0379	259.2	4.665	6.04	-4.29	1.41
	80.55	-65.72	74.06	0.00	0.0764	14.34	631.1	334.04	0.0383	264.5	4.762	6.16	-4.01	1.40
	81.55	-65.72	74.03	0.00	0.0847	16.55	728.2	385.54	0.0386	264.4	4.760	6.16	-4.02	1.40
	82.53	-65.72	74.03	0.00	0.0780	14.65	644.7	341.35	0.0388	266.1	4.790	6.20	-3.94	1.40
	83.55	-65.72	74.01	0.00	0.0770	14.83	652.6	345.65	0.0381	261.3	4.703	6.09	-4.18	1.40
	84.53	-65.26	74.03	0.00	0.0765	14.33	630.5	334.53	0.0377	258.2	4.648	6.03	-4.31	1.41
	85.55	-65.72	74.01	0.00	0.0799	14.64	644.0	341.05	0.0384	263.8	4.749	6.15	-4.05	1.41
	86.53	-65.72	74.03	0.00	0.0769	14.72	647.8	342.97	0.0384	263.6	4.746	6.14	-4.06	1.40
	87.55	-65.72	74.03	0.00	0.0766	14.41	634.0	335.69	0.0385	266.7	4.800	6.21	-3.91	1.40
	88.61	-65.72	74.03	0.00	0.0766	14.42	634.6	336.01	0.0385	265.3	4.775	6.18	-3.98	1.40
	89.55	-65.26	74.03	0.00	0.0764	14.38	632.9	335.80	0.0381	260.8	4.694	6.09	-4.17	1.40
	90.55	-65.72	74.03	0.00	0.0760	14.26	627.5	332.23	0.0380	261.8	4.713	6.10	-4.15	1.41
	91.53	-65.72	74.03	0.00	0.0765	14.46	636.2	336.85	0.0382	262.5	4.726	6.12	-4.11	1.40
	92.55	-66.19	74.03	0.00	0.0760	14.58	641.7	338.96	0.0382	263.6	4.745	6.13	-4.09	1.40
	93.53	-65.72	74.01	0.00	0.0755	14.19	624.4	330.70	0.0378	259.4	4.670	6.05	-4.27	1.40
	94.55	-65.72	74.01	0.00	0.0758	14.17	623.6	330.28	0.0379	258.0	4.644	6.01	-4.35	1.40
	95.53	-65.72	74.01	0.00	0.0755	14.13	621.7	329.25	0.0376	256.8	4.623	5.98	-4.41	1.40
	96.55	-65.72	74.01	0.00	0.0757	14.22	625.7	331.39	0.0378	260.8	4.695	6.08	-4.20	1.41
	97.55	-65.72	74.03	0.00	0.0763	14.52	638.7	338.17	0.0383	263.9	4.751	6.15	-4.04	1.40
	98.55	-65.72	74.06	0.00	0.0763	14.30	629.0	332.92	0.0382	262.0	4.715	6.10	-4.14	1.40
	99.55	-65.72	74.03	0.00	0.0769	14.24	626.5	331.68	0.0383	259.1	4.664	6.04	-4.29	1.40
	100.55	-66.19	74.03	0.00	0.0775	14.57	641.0	338.59	0.0385	265.0	4.770	6.16	-4.02	1.40
	101.55	-65.72	74.01	0.00	0.0756	14.20	624.6	330.81	0.0377	259.7	4.675	6.05	-4.26	1.40
	102.53	-65.72	74.03	0.00	0.0761	14.52	638.8	338.23	0.0380	261.6	4.709	6.09	-4.16	1.40
	103.55	-65.72	74.03	0.00	0.0763	14.23	626.1	331.46	0.0382	262.4	4.723	6.11	-4.12	1.40
	104.53	-65.26	74.06	0.00	0.0763	14.50	638.0	338.39	0.0381	262.3	4.722	6.12	-4.09	1.40
