Jun 18 2020 at 11:21:36
Frequency: 1.00Hz.
CO2
Zero:  Value:0.91  Date:May 19 2009 at 7:53:33 AM
Span:  Value:1.00  Date:May 19 2009 at 8:00:06 AM
H2O
Zero:  Value:0.77  Date:May 19 2009 at 7:54:01 AM
Span:  Value:1.01  Date:28 Jun 2004	 at 08:29:05	
	Relative Time	Temperature	Pressure	Aux Input	CO2 Absorptance	CO2 mmol/m3	CO2 mg/m3	CO2 umol/mol	H2O Absorptance	H2O mmol/m3	H2O g/m3	H2O mmol/mol	H2O(°C)	Cooler Voltage
	0.70	-65.72	73.72	0.00	0.0663	11.95	526.0	279.67	0.0467	344.9	6.208	8.07	-0.43	1.60
	1.70	-65.72	73.69	0.00	0.0664	11.99	527.6	280.64	0.0460	329.6	5.934	7.71	-1.05	1.60
	2.70	-65.72	73.69	0.00	0.0662	11.99	527.4	280.48	0.0467	334.3	6.017	7.82	-0.86	1.60
	3.70	-65.72	73.75	0.00	0.0662	11.95	525.8	279.47	0.0479	344.9	6.209	8.07	-0.43	1.60
	4.70	-65.72	73.75	0.00	0.0658	11.87	522.1	277.50	0.0512	375.4	6.757	8.78	0.74	1.60
	5.70	-65.72	73.75	0.00	0.0658	11.85	521.3	277.10	0.0501	368.7	6.636	8.62	0.49	1.60
	6.70	-65.72	73.75	0.00	0.0662	11.91	524.2	278.59	0.0479	355.1	6.391	8.30	-0.03	1.60
	7.70	-65.72	73.75	0.00	0.0660	11.91	524.1	278.56	0.0486	358.9	6.459	8.39	0.12	1.60
	8.70	-65.72	73.75	0.00	0.0658	11.87	522.2	277.54	0.0499	365.1	6.572	8.54	0.36	1.60
	9.70	-65.72	73.75	0.00	0.0657	11.88	522.9	277.90	0.0501	364.2	6.556	8.52	0.32	1.60
	10.70	-65.72	73.75	0.00	0.0658	11.84	520.9	276.86	0.0503	386.0	6.948	9.03	1.13	1.60
	11.72	-65.72	73.74	0.00	0.0657	11.85	521.6	277.24	0.0513	375.8	6.764	8.79	0.75	1.60
	12.70	-65.73	73.72	0.00	0.0659	11.88	522.5	277.81	0.0501	372.0	6.695	8.70	0.61	1.60
	13.72	-65.72	73.75	0.00	0.0657	11.84	521.0	276.89	0.0503	373.4	6.721	8.73	0.67	1.60
	14.70	-65.72	73.72	0.00	0.0658	11.84	521.1	277.07	0.0508	380.9	6.857	8.91	0.94	1.60
	15.72	-65.72	73.75	0.00	0.0659	11.82	520.1	276.41	0.0507	383.5	6.902	8.97	1.03	1.60
	16.70	-65.72	73.75	0.00	0.0656	11.76	517.6	275.09	0.0520	394.3	7.097	9.22	1.42	1.60
	17.72	-65.72	73.75	0.00	0.0656	11.78	518.4	275.55	0.0524	398.2	7.167	9.31	1.56	1.60
	18.70	-65.71	73.72	0.00	0.0655	11.82	519.9	276.44	0.0530	394.8	7.107	9.24	1.44	1.60
	19.70	-65.72	73.72	0.00	0.0654	11.77	518.1	275.45	0.0529	399.1	7.184	9.34	1.59	1.60
	20.70	-65.72	73.72	0.00	0.0657	11.82	519.9	276.41	0.0525	395.3	7.115	9.25	1.46	1.60
	21.70	-65.72	73.75	0.00	0.0653	11.77	518.0	275.33	0.0550	404.2	7.275	9.45	1.77	1.60
	22.70	-65.72	73.75	0.00	0.0655	11.74	516.6	274.55	0.0535	408.2	7.348	9.55	1.91	1.60
	23.70	-65.26	73.77	0.00	0.0655	11.76	517.6	275.63	0.0532	408.6	7.354	9.57	1.95	1.60
	24.70	-65.72	73.75	0.00	0.0650	11.73	516.0	274.24	0.0557	423.8	7.628	9.91	2.43	1.60
	25.70	-65.72	73.75	0.00	0.0653	11.75	516.9	274.73	0.0545	414.7	7.464	9.70	2.13	1.60
	26.70	-65.72	73.75	0.00	0.0652	11.73	516.1	274.30	0.0554	420.1	7.562	9.82	2.31	1.60
	27.70	-65.72	73.75	0.00	0.0651	11.68	513.8	273.09	0.0556	426.4	7.675	9.97	2.52	1.60
	28.72	-65.72	73.75	0.00	0.0651	11.66	513.2	272.77	0.0554	430.5	7.750	10.07	2.65	1.60
	29.70	-65.72	73.75	0.00	0.0651	11.66	513.1	272.70	0.0561	434.0	7.811	10.15	2.76	1.60
	30.72	-65.73	73.75	0.00	0.0651	11.64	512.2	272.24	0.0563	447.6	8.056	10.47	3.20	1.60
	31.70	-65.72	73.75	0.00	0.0652	11.69	514.4	273.39	0.0557	432.7	7.788	10.12	2.72	1.60
	32.72	-65.72	73.72	0.00	0.0650	11.68	514.0	273.30	0.0565	435.0	7.829	10.18	2.80	1.60
	33.70	-65.72	73.77	0.00	0.0649	11.65	512.5	272.31	0.0570	443.3	7.980	10.36	3.07	1.60
	34.72	-65.72	73.75	0.00	0.0650	11.67	513.7	273.02	0.0567	435.9	7.846	10.19	2.83	1.60
	35.70	-65.72	73.72	0.00	0.0650	11.65	512.7	272.60	0.0571	443.6	7.985	10.38	3.07	1.60
	36.72	-65.72	73.75	0.00	0.0648	11.62	511.3	271.75	0.0583	455.9	8.206	10.66	3.46	1.60
	37.70	-65.72	73.75	0.00	0.0648	11.63	511.7	271.95	0.0575	448.7	8.077	10.49	3.24	1.60
	38.72	-65.72	73.77	0.00	0.0648	11.62	511.4	271.72	0.0579	452.6	8.146	10.58	3.36	1.60
	39.70	-65.72	73.74	0.00	0.0647	11.60	510.4	271.28	0.0585	458.7	8.257	10.73	3.55	1.61
	40.70	-65.72	73.75	0.00	0.0648	11.61	511.0	271.60	0.0584	460.3	8.285	10.76	3.60	1.60
	41.70	-65.72	73.75	0.00	0.0648	11.61	510.8	271.51	0.0581	459.4	8.269	10.74	3.57	1.60
	42.70	-65.72	73.77	0.00	0.0647	11.60	510.6	271.28	0.0589	462.5	8.324	10.81	3.66	1.60
	43.70	-65.72	73.75	0.00	0.0647	11.62	511.3	271.78	0.0589	457.9	8.241	10.71	3.52	1.60
	44.70	-65.71	73.75	0.00	0.0648	11.61	510.9	271.53	0.0588	460.7	8.292	10.77	3.61	1.60
	45.70	-65.72	73.75	0.00	0.0648	11.61	510.8	271.47	0.0583	462.4	8.323	10.81	3.66	1.61
	46.70	-65.72	73.75	0.00	0.0646	11.59	510.0	271.06	0.0592	465.8	8.384	10.89	3.77	1.60
	47.72	-65.72	73.75	0.00	0.0648	11.61	510.8	271.46	0.0587	465.0	8.369	10.87	3.74	1.60
	48.70	-65.72	73.77	0.00	0.0645	11.61	510.8	271.37	0.0599	465.7	8.383	10.89	3.76	1.60
	49.72	-65.72	73.75	0.00	0.0646	11.57	509.1	270.57	0.0597	474.1	8.534	11.09	4.02	1.60
	50.70	-65.72	73.72	0.00	0.0645	11.53	507.2	269.69	0.0600	486.1	8.750	11.37	4.37	1.61
	51.72	-65.72	73.77	0.00	0.0642	11.49	505.5	268.59	0.0613	493.4	8.882	11.53	4.59	1.61
	52.70	-66.69	73.75	0.00	0.0645	11.55	508.0	268.74	0.0605	479.2	8.626	11.15	4.10	1.60
	53.72	-65.72	73.75	0.00	0.0646	11.56	508.5	270.27	0.0592	474.8	8.547	11.10	4.04	1.60
	54.70	-66.19	73.75	0.00	0.0644	11.54	507.6	269.16	0.0609	483.9	8.710	11.29	4.28	1.61
	55.72	-65.72	73.75	0.00	0.0644	11.53	507.3	269.61	0.0610	484.9	8.729	11.34	4.34	1.60
	56.70	-65.72	73.75	0.00	0.0643	11.53	507.5	269.73	0.0620	484.1	8.714	11.32	4.31	1.61
	57.70	-65.72	73.75	0.00	0.0641	11.48	505.1	268.48	0.0624	495.7	8.923	11.59	4.65	1.61
	58.70	-65.72	73.75	0.00	0.0650	11.55	508.0	270.02	0.0566	477.1	8.588	11.16	4.11	1.60
	59.70	-65.25	73.75	0.00	0.0642	11.52	506.7	269.93	0.0621	491.3	8.843	11.51	4.56	1.61
	60.70	-65.72	73.75	0.00	0.0643	11.47	504.5	268.15	0.0620	498.9	8.980	11.67	4.74	1.60
	61.70	-65.72	73.75	0.00	0.0644	11.53	507.3	269.64	0.0613	482.7	8.689	11.29	4.27	1.60
	62.70	-65.72	73.77	0.00	0.0644	11.52	506.9	269.31	0.0614	490.7	8.833	11.47	4.51	1.61
	63.70	-65.72	73.77	0.00	0.0644	11.53	507.1	269.44	0.0611	485.5	8.738	11.35	4.35	1.61
	64.78	-65.72	73.75	0.00	0.0643	11.52	506.9	269.39	0.0612	488.5	8.793	11.42	4.44	1.60
	65.70	-66.19	73.77	0.00	0.0646	11.51	506.3	268.38	0.0608	487.8	8.781	11.38	4.39	1.61
	66.78	-65.72	73.75	0.00	0.0643	11.50	506.2	269.04	0.0622	496.2	8.932	11.60	4.67	1.60
	67.70	-65.72	73.75	0.00	0.0645	11.53	507.5	269.74	0.0615	489.6	8.812	11.45	4.48	1.61
	68.72	-65.72	73.72	0.00	0.0643	11.51	506.2	269.15	0.0620	495.9	8.926	11.60	4.66	1.61
	69.70	-65.26	73.75	0.00	0.0642	11.43	503.0	267.94	0.0617	506.0	9.107	11.86	4.98	1.61
	70.72	-65.72	73.72	0.00	0.0642	11.50	505.8	268.94	0.0618	498.7	8.977	11.67	4.74	1.61
	71.70	-66.19	73.75	0.00	0.0641	11.50	506.1	268.37	0.0625	499.1	8.985	11.65	4.72	1.61
	72.72	-65.72	73.75	0.00	0.0640	11.47	504.5	268.13	0.0635	507.7	9.139	11.87	5.00	1.61
	73.70	-65.72	73.75	0.00	0.0642	11.45	503.7	267.73	0.0628	517.8	9.320	12.11	5.28	1.61
	74.72	-65.72	73.77	0.00	0.0642	11.47	504.9	268.23	0.0628	503.6	9.064	11.77	4.88	1.61
	75.70	-65.72	73.75	0.00	0.0644	11.59	509.8	270.96	0.0620	503.4	9.062	11.77	4.87	1.61
	76.70	-65.72	73.75	0.00	0.0642	11.48	505.0	268.39	0.0629	506.8	9.123	11.85	4.97	1.61
	77.70	-65.72	73.77	0.00	0.0640	11.46	504.4	268.01	0.0632	507.0	9.126	11.85	4.97	1.61
	78.70	-65.72	73.75	0.00	0.0642	11.51	506.3	269.09	0.0626	499.2	8.985	11.67	4.75	1.61
	79.70	-65.72	73.75	0.00	0.0639	11.46	504.3	268.06	0.0635	510.5	9.190	11.94	5.08	1.61
	80.70	-65.72	73.75	0.00	0.0640	11.47	504.8	268.32	0.0636	500.4	9.007	11.70	4.79	1.61
	81.78	-65.72	73.75	0.00	0.0640	11.45	503.7	267.73	0.0635	510.3	9.186	11.93	5.07	1.61
	82.70	-65.72	73.75	0.00	0.0641	11.47	504.8	268.29	0.0636	512.6	9.226	11.99	5.13	1.61
	83.78	-65.72	73.75	0.00	0.0641	11.47	504.5	268.17	0.0635	513.2	9.238	12.00	5.15	1.61
	84.70	-65.72	73.75	0.00	0.0641	11.47	504.8	268.31	0.0639	512.2	9.220	11.98	5.12	1.61
	85.78	-65.72	73.72	0.00	0.0641	11.44	503.3	267.59	0.0628	512.5	9.224	11.99	5.13	1.61
	86.70	-65.72	73.72	0.00	0.0641	11.46	504.4	268.18	0.0636	514.0	9.252	12.02	5.17	1.61
	87.72	-65.72	73.75	0.00	0.0640	11.45	504.0	267.88	0.0641	518.0	9.323	12.11	5.28	1.61
	88.70	-65.72	73.75	0.00	0.0641	11.46	504.4	268.08	0.0639	515.5	9.279	12.06	5.21	1.61
	89.72	-65.72	73.69	0.00	0.0641	11.45	503.9	267.99	0.0638	518.4	9.331	12.13	5.30	1.61
