Jun 18 2020 at 11:42:31
Frequency: 1.00Hz.
CO2
Zero:  Value:0.91  Date:May 19 2009 at 7:53:33 AM
Span:  Value:1.00  Date:May 19 2009 at 8:00:06 AM
H2O
Zero:  Value:0.77  Date:May 19 2009 at 7:54:01 AM
Span:  Value:1.01  Date:28 Jun 2004	 at 08:29:05	
	Relative Time	Temperature	Pressure	Aux Input	CO2 Absorptance	CO2 mmol/m3	CO2 mg/m3	CO2 umol/mol	H2O Absorptance	H2O mmol/m3	H2O g/m3	H2O mmol/mol	H2O(°C)	Cooler Voltage
	0.98	-65.72	73.77	0.00	0.0679	12.31	541.6	287.76	0.0353	250.3	4.505	5.85	-4.75	1.57
	1.91	-65.26	73.77	0.00	0.0680	12.38	544.6	290.02	0.0350	228.6	4.115	5.36	-5.91	1.56
	2.92	-65.72	73.75	0.00	0.0686	12.44	547.2	290.85	0.0302	211.3	3.804	4.94	-6.97	1.56
	3.91	-65.72	73.77	0.00	0.0684	12.44	547.3	290.79	0.0320	214.2	3.856	5.01	-6.79	1.56
	4.92	-65.72	73.77	0.00	0.0683	12.40	545.7	289.91	0.0330	222.5	4.005	5.20	-6.29	1.56
	5.91	-65.72	73.77	0.00	0.0679	12.31	541.7	287.79	0.0348	240.7	4.333	5.63	-5.26	1.57
	6.92	-65.26	73.77	0.00	0.0682	12.41	545.9	290.65	0.0325	216.2	3.892	5.07	-6.64	1.57
	7.91	-65.72	73.77	0.00	0.0679	12.34	543.2	288.59	0.0354	237.5	4.276	5.55	-5.44	1.56
	8.92	-65.72	73.77	0.00	0.0679	12.34	543.1	288.54	0.0351	233.2	4.197	5.45	-5.68	1.56
	9.91	-65.72	73.77	0.00	0.0677	12.35	543.2	288.62	0.0359	233.4	4.200	5.46	-5.67	1.56
	10.91	-65.72	73.77	0.00	0.0677	12.26	539.4	286.57	0.0366	251.0	4.519	5.87	-4.71	1.56
	11.91	-65.72	73.77	0.00	0.0682	12.40	545.7	289.95	0.0327	214.2	3.855	5.01	-6.79	1.56
	12.91	-65.72	73.77	0.00	0.0678	12.33	542.5	288.26	0.0355	236.8	4.262	5.54	-5.48	1.57
	13.91	-65.72	73.77	0.00	0.0672	12.18	536.0	284.78	0.0386	263.4	4.741	6.16	-4.07	1.56
	14.91	-65.72	73.77	0.00	0.0673	12.17	535.7	284.61	0.0390	270.6	4.871	6.33	-3.71	1.56
	15.91	-65.72	73.77	0.00	0.0672	12.17	535.3	284.40	0.0394	272.9	4.911	6.38	-3.60	1.56
	16.91	-65.72	73.75	0.00	0.0672	12.17	535.4	284.55	0.0396	276.3	4.973	6.46	-3.43	1.56
	17.98	-65.72	73.77	0.00	0.0672	12.23	538.1	285.88	0.0391	260.2	4.684	6.08	-4.23	1.56
	18.91	-65.72	73.77	0.00	0.0672	12.19	536.2	284.89	0.0395	269.2	4.846	6.29	-3.78	1.56
	19.92	-65.72	73.77	0.00	0.0673	12.26	539.5	286.65	0.0385	251.9	4.535	5.89	-4.66	1.56
	20.91	-65.72	73.77	0.00	0.0678	12.32	542.2	288.05	0.0356	237.2	4.269	5.54	-5.46	1.56
	21.92	-65.72	73.77	0.00	0.0679	12.31	541.6	287.73	0.0340	240.2	4.324	5.62	-5.29	1.56
	22.91	-65.72	73.77	0.00	0.0676	12.29	540.6	287.22	0.0366	244.7	4.404	5.72	-5.05	1.56
	23.92	-65.72	73.75	0.00	0.0673	12.24	538.6	286.28	0.0380	255.9	4.606	5.98	-4.45	1.56
	24.91	-66.19	73.77	0.00	0.0677	12.38	544.7	288.74	0.0369	222.8	4.011	5.20	-6.31	1.56
	25.92	-65.72	73.80	0.00	0.0678	12.35	543.6	288.72	0.0353	227.7	4.099	5.32	-5.99	1.56
	26.91	-65.26	73.77	0.00	0.0674	12.32	542.0	288.63	0.0377	235.6	4.241	5.52	-5.52	1.56
	27.92	-65.26	73.77	0.00	0.0688	12.48	549.2	292.44	0.0267	190.1	3.422	4.45	-8.30	1.56
	28.91	-65.72	73.77	0.00	0.0688	12.50	550.2	292.30	0.0272	181.8	3.273	4.25	-8.90	1.56
	29.91	-65.26	73.77	0.00	0.0684	12.35	543.5	289.42	0.0295	215.4	3.877	5.05	-6.69	1.56
	30.91	-65.72	73.82	0.00	0.0681	12.39	545.4	289.56	0.0313	204.0	3.672	4.77	-7.42	1.56
	31.91	-65.72	73.77	0.00	0.0685	12.43	547.0	290.62	0.0295	195.6	3.521	4.57	-7.97	1.56
	32.91	-66.19	73.77	0.00	0.0683	12.40	545.7	289.27	0.0309	207.3	3.732	4.84	-7.24	1.56
	33.91	-65.72	73.80	0.00	0.0680	12.41	546.0	289.99	0.0331	210.6	3.791	4.92	-7.01	1.56
	34.91	-65.72	73.80	0.00	0.0679	12.36	543.8	288.83	0.0339	223.2	4.017	5.22	-6.26	1.56
	35.91	-65.72	73.77	0.00	0.0681	12.42	546.6	290.40	0.0324	206.1	3.710	4.82	-7.29	1.56
	36.98	-66.19	73.77	0.00	0.0678	12.32	542.3	287.45	0.0344	229.5	4.130	5.35	-5.92	1.56
	37.91	-65.72	73.77	0.00	0.0690	12.44	547.4	290.82	0.0245	199.3	3.587	4.66	-7.73	1.56
	38.92	-65.72	73.77	0.00	0.0688	12.51	550.5	292.48	0.0270	177.4	3.194	4.15	-9.21	1.56
	39.91	-65.72	73.75	0.00	0.0688	12.57	553.2	294.01	0.0262	160.1	2.882	3.74	-10.51	1.56
	40.92	-65.72	73.77	0.00	0.0686	12.61	554.8	294.75	0.0269	148.8	2.678	3.48	-11.44	1.56
	41.91	-65.72	73.77	0.00	0.0686	12.46	548.4	291.35	0.0289	188.4	3.392	4.41	-8.45	1.56
	42.92	-65.26	73.77	0.00	0.0680	12.30	541.3	288.21	0.0325	227.7	4.099	5.34	-5.96	1.56
	43.91	-65.26	73.75	0.00	0.0683	12.40	545.7	290.70	0.0307	204.8	3.686	4.80	-7.35	1.56
	44.92	-65.72	73.77	0.00	0.0682	12.41	546.2	290.23	0.0310	201.9	3.635	4.72	-7.55	1.56
	45.91	-65.72	73.77	0.00	0.0680	12.38	544.5	289.32	0.0328	212.0	3.816	4.96	-6.92	1.56
	46.92	-65.72	73.77	0.00	0.0679	12.27	539.9	286.84	0.0344	237.5	4.275	5.55	-5.44	1.56
	47.91	-65.72	73.77	0.00	0.0678	12.31	541.6	287.78	0.0346	233.2	4.197	5.45	-5.68	1.56
	48.92	-65.72	73.77	0.00	0.0674	12.26	539.3	286.51	0.0369	243.2	4.378	5.69	-5.13	1.56
	49.91	-65.72	73.77	0.00	0.0680	12.33	542.4	288.18	0.0337	229.1	4.124	5.36	-5.91	1.56
	50.91	-65.72	73.77	0.00	0.0679	12.29	540.8	287.35	0.0348	239.3	4.308	5.59	-5.34	1.56
	51.91	-65.72	73.80	0.00	0.0681	12.41	546.0	289.98	0.0327	215.7	3.883	5.04	-6.70	1.56
	52.91	-65.72	73.77	0.00	0.0676	12.33	542.7	288.36	0.0357	232.0	4.175	5.42	-5.75	1.56
	53.98	-65.72	73.77	0.00	0.0677	12.34	543.1	288.57	0.0354	230.5	4.149	5.39	-5.83	1.56
	54.91	-65.72	73.75	0.00	0.0683	12.47	548.5	291.52	0.0325	205.8	3.705	4.81	-7.31	1.56
	55.98	-65.72	73.75	0.00	0.0681	12.38	544.7	289.48	0.0337	224.5	4.040	5.25	-6.18	1.56
	56.91	-65.26	73.77	0.00	0.0678	12.28	540.5	287.78	0.0362	249.6	4.493	5.85	-4.76	1.56
	57.92	-65.72	73.80	0.00	0.0680	12.34	542.8	288.26	0.0348	238.5	4.294	5.57	-5.38	1.56
	58.91	-65.72	73.77	0.00	0.0680	12.45	547.8	291.03	0.0345	228.9	4.120	5.35	-5.93	1.56
	59.92	-65.72	73.77	0.00	0.0679	12.39	544.9	289.54	0.0354	239.3	4.308	5.59	-5.34	1.56
	60.91	-65.72	73.77	0.00	0.0682	12.42	546.3	290.26	0.0328	221.7	3.990	5.18	-6.34	1.56
	61.92	-65.72	73.77	0.00	0.0685	12.49	549.5	291.94	0.0309	205.8	3.704	4.81	-7.31	1.56
	62.91	-65.72	73.77	0.00	0.0682	12.41	546.2	290.21	0.0331	217.6	3.917	5.09	-6.59	1.56
	63.92	-65.72	73.75	0.00	0.0684	12.98	571.1	303.53	0.0353	241.9	4.355	5.66	-5.20	1.56
	64.91	-65.72	73.77	0.00	0.0678	12.32	542.0	287.98	0.0368	249.0	4.482	5.82	-4.82	1.56
	65.92	-65.26	73.77	0.00	0.0678	12.30	541.1	288.11	0.0368	254.0	4.572	5.95	-4.53	1.56
	66.91	-65.72	73.77	0.00	0.0676	12.24	538.4	286.06	0.0376	264.0	4.753	6.17	-4.04	1.56
	67.92	-65.26	73.77	0.00	0.0676	12.26	539.7	287.36	0.0376	254.8	4.587	5.97	-4.48	1.56
	68.91	-65.71	73.77	0.00	0.0676	12.32	542.1	288.03	0.0370	240.5	4.329	5.62	-5.27	1.56
	69.92	-65.72	73.77	0.00	0.0680	12.36	543.9	289.00	0.0345	231.7	4.171	5.42	-5.76	1.56
	70.91	-65.72	73.75	0.00	0.0675	12.29	540.6	287.30	0.0380	250.2	4.504	5.85	-4.75	1.56
	71.91	-65.72	73.77	0.00	0.0681	12.34	543.0	288.49	0.0326	231.7	4.171	5.42	-5.76	1.56
	72.98	-65.72	73.77	0.00	0.0677	12.37	544.1	289.08	0.0354	223.5	4.022	5.22	-6.24	1.56
	73.91	-65.72	73.80	0.00	0.0685	12.48	549.2	291.70	0.0299	196.6	3.539	4.59	-7.90	1.56
	74.92	-65.72	73.80	0.00	0.0682	12.43	546.7	290.39	0.0324	210.0	3.780	4.91	-7.05	1.56
	75.91	-65.72	73.77	0.00	0.0680	12.36	543.8	288.93	0.0330	222.7	4.009	5.21	-6.28	1.56
	76.92	-65.26	73.77	0.00	0.0681	12.37	544.1	289.74	0.0326	219.8	3.956	5.15	-6.43	1.56
	77.91	-65.72	73.77	0.00	0.0684	12.43	547.0	290.64	0.0305	201.6	3.629	4.71	-7.58	1.56
	78.92	-65.72	73.80	0.00	0.0680	12.40	545.8	289.89	0.0326	208.5	3.752	4.87	-7.14	1.56
	79.91	-65.72	73.77	0.00	0.0682	12.39	545.0	289.56	0.0322	214.2	3.855	5.01	-6.79	1.56
	80.92	-65.25	73.77	0.00	0.0684	12.49	549.5	292.62	0.0299	191.7	3.451	4.49	-8.19	1.56
	81.91	-65.72	73.77	0.00	0.0686	12.49	549.7	292.05	0.0293	186.9	3.365	4.37	-8.55	1.56
	82.92	-65.72	73.75	0.00	0.0687	12.50	550.0	292.32	0.0290	187.4	3.373	4.38	-8.52	1.56
	83.91	-65.72	73.77	0.00	0.0681	12.40	545.6	289.89	0.0325	212.2	3.819	4.96	-6.91	1.56
	84.92	-65.72	73.77	0.00	0.0685	12.42	546.5	290.39	0.0306	206.8	3.722	4.83	-7.25	1.56
	85.91	-65.72	73.77	0.00	0.0685	12.45	547.9	291.12	0.0308	205.4	3.698	4.80	-7.33	1.56
	86.92	-65.72	73.77	0.00	0.0681	12.41	546.1	290.17	0.0328	219.9	3.958	5.14	-6.45	1.56
