Jun 23 2020 at 20:43:03
Frequency: 1.00Hz.
CO2
Zero:  Value:0.91  Date:May 19 2009 at 7:53:33 AM
Span:  Value:1.00  Date:May 19 2009 at 8:00:06 AM
H2O
Zero:  Value:0.77  Date:May 19 2009 at 7:54:01 AM
Span:  Value:1.01  Date:28 Jun 2004	 at 08:29:05	
	Relative Time	Temperature	Pressure	Aux Input	CO2 Absorptance	CO2 mmol/m3	CO2 mg/m3	CO2 umol/mol	H2O Absorptance	H2O mmol/m3	H2O g/m3	H2O mmol/mol	H2O(°C)	Cooler Voltage
	0.91	-65.72	74.03	0.00	0.0774	14.64	644.2	341.08	0.0395	274.4	4.939	6.39	-3.53	1.40
	1.91	-65.26	74.03	0.00	0.0773	14.63	643.8	341.59	0.0395	275.1	4.951	6.42	-3.46	1.40
	2.89	-65.72	74.03	0.00	0.0774	14.64	644.0	340.99	0.0395	275.3	4.955	6.41	-3.48	1.40
	3.91	-65.26	74.03	0.00	0.0774	14.62	643.4	341.38	0.0397	274.4	4.940	6.41	-3.49	1.40
	4.89	-65.72	74.03	0.00	0.0774	14.65	644.5	341.23	0.0398	275.2	4.953	6.41	-3.49	1.40
	5.91	-65.72	74.03	0.00	0.0775	14.68	645.9	341.96	0.0398	277.9	5.003	6.47	-3.35	1.40
	6.89	-65.72	74.06	0.00	0.0776	14.68	646.1	341.94	0.0399	278.1	5.007	6.48	-3.34	1.40
	7.91	-65.72	74.06	0.00	0.0775	14.66	645.2	341.48	0.0399	278.3	5.010	6.48	-3.34	1.40
	8.91	-65.72	74.06	0.00	0.0777	14.68	646.0	341.90	0.0403	280.6	5.050	6.53	-3.23	1.40
	9.91	-65.26	74.03	0.00	0.0777	14.69	646.5	343.06	0.0404	280.6	5.051	6.55	-3.20	1.40
	10.91	-65.72	74.03	0.00	0.0775	14.70	646.7	342.38	0.0403	280.4	5.047	6.53	-3.24	1.40
	11.91	-65.72	74.03	0.00	0.0776	14.67	645.5	341.75	0.0402	279.0	5.022	6.50	-3.30	1.40
	12.91	-65.26	74.03	0.00	0.0776	14.69	646.3	342.93	0.0401	280.0	5.040	6.54	-3.22	1.40
	13.89	-65.72	74.03	0.00	0.0775	14.71	647.3	342.69	0.0403	282.4	5.083	6.58	-3.14	1.40
	14.91	-65.72	74.03	0.00	0.0778	14.71	647.2	342.66	0.0403	282.4	5.083	6.58	-3.14	1.40
	15.89	-65.72	74.03	0.00	0.0778	14.74	648.4	343.27	0.0407	284.6	5.123	6.63	-3.04	1.40
	16.91	-65.72	74.06	0.00	0.0779	14.74	648.5	343.22	0.0408	284.5	5.121	6.63	-3.04	1.40
	17.89	-65.72	74.03	0.00	0.0778	14.73	648.2	343.19	0.0406	285.0	5.130	6.64	-3.02	1.40
	18.91	-66.19	74.03	0.00	0.0777	14.73	648.1	342.36	0.0408	285.0	5.130	6.62	-3.05	1.40
	19.91	-65.72	74.06	0.00	0.0777	14.74	648.7	343.33	0.0409	286.0	5.147	6.66	-2.97	1.40
	20.91	-65.72	74.03	0.00	0.0778	14.75	648.8	343.49	0.0409	286.2	5.151	6.67	-2.96	1.40
	21.91	-65.71	74.03	0.00	0.0778	14.77	649.7	344.00	0.0410	287.2	5.170	6.69	-2.91	1.40
	22.91	-65.26	74.03	0.00	0.0779	14.77	649.8	344.77	0.0408	287.2	5.170	6.71	-2.88	1.40
	23.91	-66.19	74.03	0.00	0.0780	14.76	649.5	343.09	0.0410	287.0	5.166	6.67	-2.95	1.40
	24.91	-65.72	74.03	0.00	0.0780	14.75	649.2	343.71	0.0411	286.7	5.161	6.68	-2.94	1.40
	25.91	-65.72	74.03	0.00	0.0779	14.76	649.6	343.91	0.0409	287.8	5.181	6.71	-2.88	1.40
	26.89	-65.72	74.03	0.00	0.0780	14.76	649.5	343.86	0.0410	287.9	5.182	6.71	-2.88	1.40
	27.91	-66.19	74.03	0.00	0.0778	14.75	649.1	342.87	0.0409	287.7	5.178	6.69	-2.92	1.40
	28.97	-65.72	74.03	0.00	0.0778	14.76	649.3	343.75	0.0410	287.4	5.173	6.69	-2.91	1.40
	29.91	-65.72	74.06	0.00	0.0781	14.77	649.7	343.88	0.0410	288.6	5.195	6.72	-2.85	1.40
	30.91	-66.19	74.06	0.00	0.0780	14.78	650.2	343.32	0.0412	289.0	5.201	6.71	-2.86	1.40
	31.91	-65.72	74.03	0.00	0.0780	14.78	650.4	344.37	0.0414	290.8	5.235	6.77	-2.75	1.40
	32.91	-65.72	74.03	0.00	0.0780	14.77	649.8	344.03	0.0413	289.8	5.216	6.75	-2.79	1.40
	33.91	-65.72	74.03	0.00	0.0780	14.79	650.6	344.45	0.0414	291.2	5.242	6.78	-2.73	1.40
	34.91	-65.72	74.03	0.00	0.0781	14.78	650.5	344.39	0.0414	291.4	5.245	6.79	-2.72	1.40
	35.89	-65.72	74.03	0.00	0.0783	14.79	650.8	344.56	0.0415	291.5	5.247	6.79	-2.71	1.40
	36.91	-65.72	74.03	0.00	0.0781	14.80	651.2	344.76	0.0417	292.0	5.256	6.80	-2.69	1.40
	37.98	-65.72	74.03	0.00	0.0781	14.79	650.8	344.54	0.0417	292.0	5.255	6.80	-2.69	1.40
	38.91	-65.72	74.06	0.00	0.0779	14.79	650.7	344.39	0.0416	291.8	5.252	6.79	-2.70	1.40
	39.91	-65.26	74.03	0.00	0.0781	14.81	651.6	345.73	0.0415	293.5	5.282	6.85	-2.59	1.40
	40.91	-65.72	74.03	0.00	0.0781	14.81	651.4	344.90	0.0417	292.8	5.270	6.82	-2.66	1.40
	41.91	-65.72	74.03	0.00	0.0781	14.80	651.2	344.77	0.0416	293.4	5.281	6.83	-2.63	1.40
	42.91	-66.19	74.03	0.00	0.0783	14.81	651.6	344.21	0.0417	294.0	5.292	6.83	-2.63	1.40
	43.91	-65.72	74.06	0.00	0.0780	14.80	651.3	344.72	0.0419	294.3	5.298	6.85	-2.58	1.40
	44.91	-65.72	74.03	0.00	0.0780	14.81	651.5	344.96	0.0418	294.4	5.300	6.86	-2.58	1.40
	45.91	-65.72	74.03	0.00	0.0780	14.80	651.4	344.87	0.0420	295.8	5.324	6.89	-2.52	1.40
	46.89	-65.72	74.03	0.00	0.0781	14.81	651.7	345.03	0.0420	296.2	5.331	6.90	-2.50	1.40
	47.91	-65.72	74.03	0.00	0.0781	14.82	652.2	345.31	0.0419	296.4	5.336	6.91	-2.49	1.40
	48.98	-65.72	74.03	0.00	0.0781	14.81	651.5	344.95	0.0420	295.5	5.319	6.88	-2.53	1.40
	49.91	-65.72	74.03	0.00	0.0783	14.82	651.9	345.12	0.0419	296.3	5.334	6.90	-2.49	1.40
	50.91	-65.72	74.01	0.00	0.0781	14.81	651.7	345.17	0.0422	296.4	5.335	6.91	-2.49	1.40
	51.91	-65.72	74.01	0.00	0.0782	14.83	652.3	345.48	0.0423	297.3	5.352	6.93	-2.45	1.40
	52.91	-65.26	74.03	0.00	0.0780	14.82	652.0	345.93	0.0422	295.9	5.326	6.91	-2.48	1.40
	53.91	-65.72	74.03	0.00	0.0782	14.84	652.9	345.65	0.0421	298.6	5.375	6.96	-2.39	1.40
	54.91	-65.72	74.03	0.00	0.0783	14.84	653.1	345.79	0.0425	299.1	5.384	6.97	-2.37	1.40
	55.91	-65.72	74.03	0.00	0.0783	14.82	652.2	345.30	0.0423	297.7	5.359	6.94	-2.43	1.40
	56.91	-65.72	74.03	0.00	0.0782	14.84	653.0	345.71	0.0425	299.0	5.382	6.97	-2.37	1.40
	57.89	-65.72	74.03	0.00	0.0782	14.83	652.7	345.57	0.0422	298.6	5.374	6.96	-2.39	1.40
	58.91	-65.72	74.03	0.00	0.0784	14.85	653.4	345.93	0.0427	299.5	5.392	6.98	-2.35	1.40
	59.91	-65.72	74.03	0.00	0.0784	14.85	653.4	345.92	0.0425	300.1	5.402	6.99	-2.32	1.40
	60.91	-65.72	74.03	0.00	0.0782	14.86	653.8	346.13	0.0425	300.3	5.406	7.00	-2.31	1.40
	61.91	-65.72	74.03	0.00	0.0782	14.86	654.0	346.26	0.0427	301.0	5.417	7.01	-2.28	1.40
	62.91	-65.72	74.03	0.00	0.0784	14.86	654.0	346.23	0.0423	300.7	5.413	7.00	-2.30	1.40
	63.91	-65.72	74.03	0.00	0.0782	14.86	654.0	346.23	0.0427	301.2	5.421	7.02	-2.27	1.40
	64.91	-65.26	74.03	0.00	0.0782	14.86	654.0	347.04	0.0426	301.7	5.431	7.04	-2.22	1.40
	65.91	-65.72	74.03	0.00	0.0784	14.86	653.9	346.18	0.0425	301.4	5.426	7.02	-2.26	1.40
	66.91	-65.26	74.03	0.00	0.0785	14.87	654.1	347.09	0.0426	302.4	5.444	7.06	-2.19	1.40
	67.91	-65.72	74.03	0.00	0.0783	14.85	653.6	346.05	0.0426	302.0	5.435	7.03	-2.24	1.40
	68.91	-65.72	74.06	0.00	0.0783	14.87	654.3	346.32	0.0427	302.9	5.452	7.05	-2.20	1.40
	69.91	-65.72	74.03	0.00	0.0784	14.87	654.5	346.52	0.0426	302.4	5.443	7.04	-2.22	1.40
	70.91	-65.72	74.06	0.00	0.0785	14.87	654.3	346.27	0.0426	302.6	5.446	7.05	-2.21	1.40
	71.91	-65.72	74.01	0.00	0.0783	14.88	654.8	346.82	0.0427	302.8	5.451	7.06	-2.20	1.40
	72.91	-66.20	74.03	0.00	0.0783	14.86	654.0	345.48	0.0427	302.6	5.447	7.03	-2.24	1.40
	73.91	-65.72	74.03	0.00	0.0786	14.87	654.4	346.48	0.0427	303.1	5.456	7.06	-2.19	1.40
	74.91	-65.71	74.03	0.00	0.0785	14.89	655.4	346.99	0.0430	303.6	5.466	7.07	-2.16	1.40
	75.91	-65.72	74.03	0.00	0.0785	14.89	655.1	346.85	0.0430	304.0	5.473	7.08	-2.15	1.40
	76.91	-65.72	74.03	0.00	0.0785	14.91	655.9	347.25	0.0430	305.2	5.494	7.11	-2.09	1.40
	77.91	-65.72	74.03	0.00	0.0786	14.91	655.8	347.23	0.0428	304.4	5.480	7.09	-2.13	1.40
	78.92	-65.26	74.03	0.00	0.0786	14.92	656.5	348.34	0.0431	305.5	5.499	7.13	-2.05	1.40
	80.00	-65.26	74.03	0.00	0.0786	14.91	656.1	348.14	0.0431	305.1	5.492	7.12	-2.07	1.40
	80.92	-65.72	74.06	0.00	0.0785	14.92	656.5	347.44	0.0432	305.8	5.504	7.12	-2.07	1.40
	81.92	-65.72	74.03	0.00	0.0784	14.92	656.5	347.56	0.0429	305.7	5.503	7.12	-2.07	1.40
	82.92	-65.72	74.03	0.00	0.0785	14.91	656.2	347.41	0.0430	305.4	5.498	7.12	-2.08	1.40
	83.92	-65.72	74.01	0.00	0.0786	14.92	656.3	347.59	0.0432	305.8	5.504	7.13	-2.07	1.40
	84.92	-65.72	74.03	0.00	0.0785	14.92	656.4	347.52	0.0430	305.7	5.503	7.12	-2.07	1.40
	85.92	-65.72	74.03	0.00	0.0786	14.92	656.3	347.46	0.0430	306.1	5.511	7.13	-2.05	1.40
	86.92	-65.72	74.03	0.00	0.0787	14.95	657.7	348.24	0.0433	306.8	5.522	7.15	-2.02	1.40
	87.92	-65.72	74.03	0.00	0.0785	14.93	657.1	347.87	0.0432	306.4	5.516	7.14	-2.04	1.40
	89.00	-65.71	74.03	0.00	0.0784	14.94	657.4	348.09	0.0433	307.1	5.529	7.16	-2.01	1.40
	89.92	-66.19	74.03	0.00	0.0787	14.93	657.0	347.03	0.0431	307.1	5.528	7.14	-2.04	1.40
	90.94	-65.26	74.03	0.00	0.0787	14.93	656.9	348.54	0.0433	307.4	5.533	7.18	-1.97	1.40
	91.92	-65.72	74.03	0.00	0.0784	14.93	657.0	347.83	0.0433	307.1	5.528	7.15	-2.01	1.39
	92.94	-65.72	74.03	0.00	0.0788	14.94	657.2	347.95	0.0431	307.4	5.533	7.16	-2.00	1.40
